5
30 3 20 4 28 6 4 2 
30 6 20 6 26 4 2 7 
12 5 18 5 13 1 10 6 
30 0 29 7 19 5 10 1 
5 7 22 2 30 3 28 4 
21 6 24 5 20 2 10 0 
28 6 27 1 26 0 8 3 
17 4 31 2 1 4 26 7 
17 1 7 2 31 1 17 5 
15 4 3 4 9 1 6 5 
22 3 11 5 17 6 9 7 
12 4 2 0 4 1 24 7 
21 0 17 0 1 3 13 3 
26 2 13 5 24 7 0 4 
20 5 26 5 6 3 1 4 
30 0 9 7 11 4 27 4 
4 2
1 3
1 2
7 3
2 4
5 1
4 2
0 0
30 3 20 4 28 6 4 2 
30 6 20 6 26 4 2 7 
12 5 18 5 13 1 10 6 
30 0 29 7 19 5 10 1 
5 7 22 2 30 3 28 4 
21 6 24 5 20 2 10 0 
28 6 27 1 26 0 8 3 
17 4 31 2 1 4 26 7 
17 1 7 2 31 1 17 5 
15 4 3 4 9 1 6 5 
22 3 11 5 17 6 9 7 
12 4 2 0 4 1 24 7 
21 0 17 0 1 3 13 3 
26 2 13 5 24 7 0 4 
20 5 26 5 6 3 1 4 
30 0 9 7 11 4 27 4 
4 2
1 3
1 2
7 3
2 4
5 1
4 2
0 0
30 3 20 4 28 6 4 2 
30 6 20 6 26 4 2 7 
12 5 18 5 13 1 10 6 
30 0 29 7 19 5 10 1 
5 7 22 2 30 3 28 4 
21 6 24 5 20 2 10 0 
28 6 27 1 26 0 8 3 
17 4 31 2 1 4 26 7 
17 1 7 2 31 1 17 5 
15 4 3 4 9 1 6 5 
22 3 11 5 17 6 9 7 
12 4 2 0 4 1 24 7 
21 0 17 0 1 3 13 3 
26 2 13 5 24 7 0 4 
20 5 26 5 6 3 1 4 
30 0 9 7 11 4 27 4 
4 2
1 3
1 2
7 3
2 4
5 1
4 2
0 0
30 3 20 4 28 6 4 2 
30 6 20 6 26 4 2 7 
12 5 18 5 13 1 10 6 
30 0 29 7 19 5 10 1 
5 7 22 2 30 3 28 4 
21 6 24 5 20 2 10 0 
28 6 27 1 26 0 8 3 
17 4 31 2 1 4 26 7 
17 1 7 2 31 1 17 5 
15 4 3 4 9 1 6 5 
22 3 11 5 17 6 9 7 
12 4 2 0 4 1 24 7 
21 0 17 0 1 3 13 3 
26 2 13 5 24 7 0 4 
20 5 26 5 6 3 1 4 
30 0 9 7 11 4 27 4 
4 2
1 3
1 2
7 3
2 4
5 1
4 2
0 0
30 3 20 4 28 6 4 2 
30 6 20 6 26 4 2 7 
12 5 18 5 13 1 10 6 
30 0 29 7 19 5 10 1 
5 7 22 2 30 3 28 4 
21 6 24 5 20 2 10 0 
28 6 27 1 26 0 8 3 
17 4 31 2 1 4 26 7 
17 1 7 2 31 1 17 5 
15 4 3 4 9 1 6 5 
22 3 11 5 17 6 9 7 
12 4 2 0 4 1 24 7 
21 0 17 0 1 3 13 3 
26 2 13 5 24 7 0 4 
20 5 26 5 6 3 1 4 
30 0 9 7 11 4 27 4 
4 2
1 3
1 2
7 3
2 4
5 1
4 2
0 0
