5
14 5 27 7 14 0 11 2 
30 5 10 1 5 7 17 0 
17 2 15 6 26 0 28 6 
7 3 25 6 30 7 6 3 
2 0 12 4 28 0 20 5 
11 0 4 4 4 2 11 7 
21 7 28 0 25 7 17 3 
20 5 3 2 30 0 11 4 
16 4 7 7 27 1 19 6 
16 1 29 2 21 3 5 4 
23 6 14 4 20 2 3 7 
0 5 23 6 29 1 27 2 
5 6 0 1 23 1 18 4 
20 6 0 5 24 2 1 3 
19 4 30 7 24 2 11 2 
26 6 25 7 7 5 7 1 
5 3
10 1
2 3
10 4
0 2
2 4
3 2
4 0
14 5 27 7 14 0 11 2 
30 5 10 1 5 7 17 0 
17 2 15 6 26 0 28 6 
7 3 25 6 30 7 6 3 
2 0 12 4 28 0 20 5 
11 0 4 4 4 2 11 7 
21 7 28 0 25 7 17 3 
20 5 3 2 30 0 11 4 
16 4 7 7 27 1 19 6 
16 1 29 2 21 3 5 4 
23 6 14 4 20 2 3 7 
0 5 23 6 29 1 27 2 
5 6 0 1 23 1 18 4 
20 6 0 5 24 2 1 3 
19 4 30 7 24 2 11 2 
26 6 25 7 7 5 7 1 
5 3
10 1
2 3
10 4
0 2
2 4
3 2
4 0
14 5 27 7 14 0 11 2 
30 5 10 1 5 7 17 0 
17 2 15 6 26 0 28 6 
7 3 25 6 30 7 6 3 
2 0 12 4 28 0 20 5 
11 0 4 4 4 2 11 7 
21 7 28 0 25 7 17 3 
20 5 3 2 30 0 11 4 
16 4 7 7 27 1 19 6 
16 1 29 2 21 3 5 4 
23 6 14 4 20 2 3 7 
0 5 23 6 29 1 27 2 
5 6 0 1 23 1 18 4 
20 6 0 5 24 2 1 3 
19 4 30 7 24 2 11 2 
26 6 25 7 7 5 7 1 
5 3
10 1
2 3
10 4
0 2
2 4
3 2
4 0
14 5 27 7 14 0 11 2 
30 5 10 1 5 7 17 0 
17 2 15 6 26 0 28 6 
7 3 25 6 30 7 6 3 
2 0 12 4 28 0 20 5 
11 0 4 4 4 2 11 7 
21 7 28 0 25 7 17 3 
20 5 3 2 30 0 11 4 
16 4 7 7 27 1 19 6 
16 1 29 2 21 3 5 4 
23 6 14 4 20 2 3 7 
0 5 23 6 29 1 27 2 
5 6 0 1 23 1 18 4 
20 6 0 5 24 2 1 3 
19 4 30 7 24 2 11 2 
26 6 25 7 7 5 7 1 
5 3
10 1
2 3
10 4
0 2
2 4
3 2
4 0
14 5 27 7 14 0 11 2 
30 5 10 1 5 7 17 0 
17 2 15 6 26 0 28 6 
7 3 25 6 30 7 6 3 
2 0 12 4 28 0 20 5 
11 0 4 4 4 2 11 7 
21 7 28 0 25 7 17 3 
20 5 3 2 30 0 11 4 
16 4 7 7 27 1 19 6 
16 1 29 2 21 3 5 4 
23 6 14 4 20 2 3 7 
0 5 23 6 29 1 27 2 
5 6 0 1 23 1 18 4 
20 6 0 5 24 2 1 3 
19 4 30 7 24 2 11 2 
26 6 25 7 7 5 7 1 
5 3
10 1
2 3
10 4
0 2
2 4
3 2
4 0
