5
23 3 1 3 19 7 30 3 
20 7 13 3 4 1 29 0 
29 0 1 2 20 2 10 3 
25 1 6 0 9 5 15 6 
27 2 13 0 5 3 24 6 
12 7 21 2 23 6 2 3 
23 3 26 5 23 0 30 0 
17 2 31 5 2 7 23 6 
6 7 4 7 21 3 23 3 
31 5 10 1 25 1 11 4 
27 2 16 6 6 2 5 7 
6 7 30 0 18 2 11 2 
18 4 19 6 31 7 3 7 
8 1 25 7 5 7 13 4 
4 0 11 6 22 0 29 2 
1 6 30 6 1 5 29 7 
4 1
3 3
3 4
1 0
10 4
0 4
4 4
1 5
23 3 1 3 19 7 30 3 
20 7 13 3 4 1 29 0 
29 0 1 2 20 2 10 3 
25 1 6 0 9 5 15 6 
27 2 13 0 5 3 24 6 
12 7 21 2 23 6 2 3 
23 3 26 5 23 0 30 0 
17 2 31 5 2 7 23 6 
6 7 4 7 21 3 23 3 
31 5 10 1 25 1 11 4 
27 2 16 6 6 2 5 7 
6 7 30 0 18 2 11 2 
18 4 19 6 31 7 3 7 
8 1 25 7 5 7 13 4 
4 0 11 6 22 0 29 2 
1 6 30 6 1 5 29 7 
4 1
3 3
3 4
1 0
10 4
0 4
4 4
1 5
23 3 1 3 19 7 30 3 
20 7 13 3 4 1 29 0 
29 0 1 2 20 2 10 3 
25 1 6 0 9 5 15 6 
27 2 13 0 5 3 24 6 
12 7 21 2 23 6 2 3 
23 3 26 5 23 0 30 0 
17 2 31 5 2 7 23 6 
6 7 4 7 21 3 23 3 
31 5 10 1 25 1 11 4 
27 2 16 6 6 2 5 7 
6 7 30 0 18 2 11 2 
18 4 19 6 31 7 3 7 
8 1 25 7 5 7 13 4 
4 0 11 6 22 0 29 2 
1 6 30 6 1 5 29 7 
4 1
3 3
3 4
1 0
10 4
0 4
4 4
1 5
23 3 1 3 19 7 30 3 
20 7 13 3 4 1 29 0 
29 0 1 2 20 2 10 3 
25 1 6 0 9 5 15 6 
27 2 13 0 5 3 24 6 
12 7 21 2 23 6 2 3 
23 3 26 5 23 0 30 0 
17 2 31 5 2 7 23 6 
6 7 4 7 21 3 23 3 
31 5 10 1 25 1 11 4 
27 2 16 6 6 2 5 7 
6 7 30 0 18 2 11 2 
18 4 19 6 31 7 3 7 
8 1 25 7 5 7 13 4 
4 0 11 6 22 0 29 2 
1 6 30 6 1 5 29 7 
4 1
3 3
3 4
1 0
10 4
0 4
4 4
1 5
23 3 1 3 19 7 30 3 
20 7 13 3 4 1 29 0 
29 0 1 2 20 2 10 3 
25 1 6 0 9 5 15 6 
27 2 13 0 5 3 24 6 
12 7 21 2 23 6 2 3 
23 3 26 5 23 0 30 0 
17 2 31 5 2 7 23 6 
6 7 4 7 21 3 23 3 
31 5 10 1 25 1 11 4 
27 2 16 6 6 2 5 7 
6 7 30 0 18 2 11 2 
18 4 19 6 31 7 3 7 
8 1 25 7 5 7 13 4 
4 0 11 6 22 0 29 2 
1 6 30 6 1 5 29 7 
4 1
3 3
3 4
1 0
10 4
0 4
4 4
1 5
