5
23 7 0 1 7 6 0 1 
4 6 6 0 5 1 10 7 
6 2 21 0 21 3 19 3 
4 3 0 4 13 3 31 3 
17 0 10 5 29 5 20 6 
11 6 25 3 10 3 13 5 
4 2 11 1 1 3 15 5 
0 4 19 7 5 2 5 2 
28 3 16 0 26 4 3 5 
31 7 20 2 4 3 1 0 
24 7 1 4 15 6 10 2 
25 1 24 5 30 2 3 3 
29 3 7 6 28 5 26 5 
12 7 2 5 27 0 9 7 
5 3 18 5 29 0 18 3 
28 0 23 3 4 4 18 0 
4 4
0 5
0 1
4 0
4 0
8 4
4 2
9 1
23 7 0 1 7 6 0 1 
4 6 6 0 5 1 10 7 
6 2 21 0 21 3 19 3 
4 3 0 4 13 3 31 3 
17 0 10 5 29 5 20 6 
11 6 25 3 10 3 13 5 
4 2 11 1 1 3 15 5 
0 4 19 7 5 2 5 2 
28 3 16 0 26 4 3 5 
31 7 20 2 4 3 1 0 
24 7 1 4 15 6 10 2 
25 1 24 5 30 2 3 3 
29 3 7 6 28 5 26 5 
12 7 2 5 27 0 9 7 
5 3 18 5 29 0 18 3 
28 0 23 3 4 4 18 0 
4 4
0 5
0 1
4 0
4 0
8 4
4 2
9 1
23 7 0 1 7 6 0 1 
4 6 6 0 5 1 10 7 
6 2 21 0 21 3 19 3 
4 3 0 4 13 3 31 3 
17 0 10 5 29 5 20 6 
11 6 25 3 10 3 13 5 
4 2 11 1 1 3 15 5 
0 4 19 7 5 2 5 2 
28 3 16 0 26 4 3 5 
31 7 20 2 4 3 1 0 
24 7 1 4 15 6 10 2 
25 1 24 5 30 2 3 3 
29 3 7 6 28 5 26 5 
12 7 2 5 27 0 9 7 
5 3 18 5 29 0 18 3 
28 0 23 3 4 4 18 0 
4 4
0 5
0 1
4 0
4 0
8 4
4 2
9 1
23 7 0 1 7 6 0 1 
4 6 6 0 5 1 10 7 
6 2 21 0 21 3 19 3 
4 3 0 4 13 3 31 3 
17 0 10 5 29 5 20 6 
11 6 25 3 10 3 13 5 
4 2 11 1 1 3 15 5 
0 4 19 7 5 2 5 2 
28 3 16 0 26 4 3 5 
31 7 20 2 4 3 1 0 
24 7 1 4 15 6 10 2 
25 1 24 5 30 2 3 3 
29 3 7 6 28 5 26 5 
12 7 2 5 27 0 9 7 
5 3 18 5 29 0 18 3 
28 0 23 3 4 4 18 0 
4 4
0 5
0 1
4 0
4 0
8 4
4 2
9 1
23 7 0 1 7 6 0 1 
4 6 6 0 5 1 10 7 
6 2 21 0 21 3 19 3 
4 3 0 4 13 3 31 3 
17 0 10 5 29 5 20 6 
11 6 25 3 10 3 13 5 
4 2 11 1 1 3 15 5 
0 4 19 7 5 2 5 2 
28 3 16 0 26 4 3 5 
31 7 20 2 4 3 1 0 
24 7 1 4 15 6 10 2 
25 1 24 5 30 2 3 3 
29 3 7 6 28 5 26 5 
12 7 2 5 27 0 9 7 
5 3 18 5 29 0 18 3 
28 0 23 3 4 4 18 0 
4 4
0 5
0 1
4 0
4 0
8 4
4 2
9 1
