5
16 6 2 0 21 3 31 2 
24 5 0 5 18 0 24 3 
1 4 22 1 14 0 1 0 
4 1 9 7 20 5 4 4 
16 6 17 6 3 0 26 2 
7 2 18 3 20 1 2 1 
12 0 20 3 25 7 24 2 
20 2 19 7 22 1 15 7 
1 2 11 3 2 6 22 3 
23 3 3 2 15 6 10 7 
22 6 8 4 6 4 15 4 
14 3 19 3 18 5 4 7 
21 5 17 2 26 1 17 4 
31 2 29 3 10 7 19 3 
2 5 28 6 17 1 29 5 
10 0 1 2 20 3 7 4 
0 5
6 2
2 2
2 2
5 2
0 3
9 2
10 0
16 6 2 0 21 3 31 2 
24 5 0 5 18 0 24 3 
1 4 22 1 14 0 1 0 
4 1 9 7 20 5 4 4 
16 6 17 6 3 0 26 2 
7 2 18 3 20 1 2 1 
12 0 20 3 25 7 24 2 
20 2 19 7 22 1 15 7 
1 2 11 3 2 6 22 3 
23 3 3 2 15 6 10 7 
22 6 8 4 6 4 15 4 
14 3 19 3 18 5 4 7 
21 5 17 2 26 1 17 4 
31 2 29 3 10 7 19 3 
2 5 28 6 17 1 29 5 
10 0 1 2 20 3 7 4 
0 5
6 2
2 2
2 2
5 2
0 3
9 2
10 0
16 6 2 0 21 3 31 2 
24 5 0 5 18 0 24 3 
1 4 22 1 14 0 1 0 
4 1 9 7 20 5 4 4 
16 6 17 6 3 0 26 2 
7 2 18 3 20 1 2 1 
12 0 20 3 25 7 24 2 
20 2 19 7 22 1 15 7 
1 2 11 3 2 6 22 3 
23 3 3 2 15 6 10 7 
22 6 8 4 6 4 15 4 
14 3 19 3 18 5 4 7 
21 5 17 2 26 1 17 4 
31 2 29 3 10 7 19 3 
2 5 28 6 17 1 29 5 
10 0 1 2 20 3 7 4 
0 5
6 2
2 2
2 2
5 2
0 3
9 2
10 0
16 6 2 0 21 3 31 2 
24 5 0 5 18 0 24 3 
1 4 22 1 14 0 1 0 
4 1 9 7 20 5 4 4 
16 6 17 6 3 0 26 2 
7 2 18 3 20 1 2 1 
12 0 20 3 25 7 24 2 
20 2 19 7 22 1 15 7 
1 2 11 3 2 6 22 3 
23 3 3 2 15 6 10 7 
22 6 8 4 6 4 15 4 
14 3 19 3 18 5 4 7 
21 5 17 2 26 1 17 4 
31 2 29 3 10 7 19 3 
2 5 28 6 17 1 29 5 
10 0 1 2 20 3 7 4 
0 5
6 2
2 2
2 2
5 2
0 3
9 2
10 0
16 6 2 0 21 3 31 2 
24 5 0 5 18 0 24 3 
1 4 22 1 14 0 1 0 
4 1 9 7 20 5 4 4 
16 6 17 6 3 0 26 2 
7 2 18 3 20 1 2 1 
12 0 20 3 25 7 24 2 
20 2 19 7 22 1 15 7 
1 2 11 3 2 6 22 3 
23 3 3 2 15 6 10 7 
22 6 8 4 6 4 15 4 
14 3 19 3 18 5 4 7 
21 5 17 2 26 1 17 4 
31 2 29 3 10 7 19 3 
2 5 28 6 17 1 29 5 
10 0 1 2 20 3 7 4 
0 5
6 2
2 2
2 2
5 2
0 3
9 2
10 0
