5
9 4 13 7 3 0 22 6 
27 4 12 6 26 6 16 3 
27 1 22 5 19 7 2 0 
31 6 8 2 27 4 1 1 
12 7 22 0 25 6 20 2 
10 3 25 7 20 6 16 2 
7 1 13 7 29 6 5 6 
7 6 20 5 10 1 3 0 
15 2 25 6 23 7 3 5 
4 5 21 7 18 3 16 7 
23 4 19 0 13 0 6 5 
19 3 13 7 21 0 30 5 
3 0 21 0 22 0 31 6 
5 5 29 7 8 2 23 3 
23 2 4 5 27 4 31 5 
12 0 30 1 27 5 24 6 
2 4
6 0
1 5
9 5
1 1
3 4
10 4
1 4
9 4 13 7 3 0 22 6 
27 4 12 6 26 6 16 3 
27 1 22 5 19 7 2 0 
31 6 8 2 27 4 1 1 
12 7 22 0 25 6 20 2 
10 3 25 7 20 6 16 2 
7 1 13 7 29 6 5 6 
7 6 20 5 10 1 3 0 
15 2 25 6 23 7 3 5 
4 5 21 7 18 3 16 7 
23 4 19 0 13 0 6 5 
19 3 13 7 21 0 30 5 
3 0 21 0 22 0 31 6 
5 5 29 7 8 2 23 3 
23 2 4 5 27 4 31 5 
12 0 30 1 27 5 24 6 
2 4
6 0
1 5
9 5
1 1
3 4
10 4
1 4
9 4 13 7 3 0 22 6 
27 4 12 6 26 6 16 3 
27 1 22 5 19 7 2 0 
31 6 8 2 27 4 1 1 
12 7 22 0 25 6 20 2 
10 3 25 7 20 6 16 2 
7 1 13 7 29 6 5 6 
7 6 20 5 10 1 3 0 
15 2 25 6 23 7 3 5 
4 5 21 7 18 3 16 7 
23 4 19 0 13 0 6 5 
19 3 13 7 21 0 30 5 
3 0 21 0 22 0 31 6 
5 5 29 7 8 2 23 3 
23 2 4 5 27 4 31 5 
12 0 30 1 27 5 24 6 
2 4
6 0
1 5
9 5
1 1
3 4
10 4
1 4
9 4 13 7 3 0 22 6 
27 4 12 6 26 6 16 3 
27 1 22 5 19 7 2 0 
31 6 8 2 27 4 1 1 
12 7 22 0 25 6 20 2 
10 3 25 7 20 6 16 2 
7 1 13 7 29 6 5 6 
7 6 20 5 10 1 3 0 
15 2 25 6 23 7 3 5 
4 5 21 7 18 3 16 7 
23 4 19 0 13 0 6 5 
19 3 13 7 21 0 30 5 
3 0 21 0 22 0 31 6 
5 5 29 7 8 2 23 3 
23 2 4 5 27 4 31 5 
12 0 30 1 27 5 24 6 
2 4
6 0
1 5
9 5
1 1
3 4
10 4
1 4
9 4 13 7 3 0 22 6 
27 4 12 6 26 6 16 3 
27 1 22 5 19 7 2 0 
31 6 8 2 27 4 1 1 
12 7 22 0 25 6 20 2 
10 3 25 7 20 6 16 2 
7 1 13 7 29 6 5 6 
7 6 20 5 10 1 3 0 
15 2 25 6 23 7 3 5 
4 5 21 7 18 3 16 7 
23 4 19 0 13 0 6 5 
19 3 13 7 21 0 30 5 
3 0 21 0 22 0 31 6 
5 5 29 7 8 2 23 3 
23 2 4 5 27 4 31 5 
12 0 30 1 27 5 24 6 
2 4
6 0
1 5
9 5
1 1
3 4
10 4
1 4
