5
28 1 12 6 18 4 15 5 
29 1 14 5 31 6 1 1 
0 3 11 7 0 2 30 3 
25 3 4 2 11 6 23 1 
14 6 7 1 18 2 23 0 
29 1 17 6 15 1 0 1 
22 0 20 3 29 1 5 3 
21 0 0 1 20 7 25 3 
24 7 31 1 22 2 28 2 
2 3 20 2 21 0 22 6 
9 6 15 3 15 0 23 3 
19 0 30 0 30 3 2 0 
25 6 24 5 14 1 20 6 
18 3 10 7 1 4 6 0 
18 7 6 3 12 5 29 3 
5 1 6 3 9 3 18 1 
4 5
0 3
10 3
8 2
2 0
0 1
7 1
9 2
28 1 12 6 18 4 15 5 
29 1 14 5 31 6 1 1 
0 3 11 7 0 2 30 3 
25 3 4 2 11 6 23 1 
14 6 7 1 18 2 23 0 
29 1 17 6 15 1 0 1 
22 0 20 3 29 1 5 3 
21 0 0 1 20 7 25 3 
24 7 31 1 22 2 28 2 
2 3 20 2 21 0 22 6 
9 6 15 3 15 0 23 3 
19 0 30 0 30 3 2 0 
25 6 24 5 14 1 20 6 
18 3 10 7 1 4 6 0 
18 7 6 3 12 5 29 3 
5 1 6 3 9 3 18 1 
4 5
0 3
10 3
8 2
2 0
0 1
7 1
9 2
28 1 12 6 18 4 15 5 
29 1 14 5 31 6 1 1 
0 3 11 7 0 2 30 3 
25 3 4 2 11 6 23 1 
14 6 7 1 18 2 23 0 
29 1 17 6 15 1 0 1 
22 0 20 3 29 1 5 3 
21 0 0 1 20 7 25 3 
24 7 31 1 22 2 28 2 
2 3 20 2 21 0 22 6 
9 6 15 3 15 0 23 3 
19 0 30 0 30 3 2 0 
25 6 24 5 14 1 20 6 
18 3 10 7 1 4 6 0 
18 7 6 3 12 5 29 3 
5 1 6 3 9 3 18 1 
4 5
0 3
10 3
8 2
2 0
0 1
7 1
9 2
28 1 12 6 18 4 15 5 
29 1 14 5 31 6 1 1 
0 3 11 7 0 2 30 3 
25 3 4 2 11 6 23 1 
14 6 7 1 18 2 23 0 
29 1 17 6 15 1 0 1 
22 0 20 3 29 1 5 3 
21 0 0 1 20 7 25 3 
24 7 31 1 22 2 28 2 
2 3 20 2 21 0 22 6 
9 6 15 3 15 0 23 3 
19 0 30 0 30 3 2 0 
25 6 24 5 14 1 20 6 
18 3 10 7 1 4 6 0 
18 7 6 3 12 5 29 3 
5 1 6 3 9 3 18 1 
4 5
0 3
10 3
8 2
2 0
0 1
7 1
9 2
28 1 12 6 18 4 15 5 
29 1 14 5 31 6 1 1 
0 3 11 7 0 2 30 3 
25 3 4 2 11 6 23 1 
14 6 7 1 18 2 23 0 
29 1 17 6 15 1 0 1 
22 0 20 3 29 1 5 3 
21 0 0 1 20 7 25 3 
24 7 31 1 22 2 28 2 
2 3 20 2 21 0 22 6 
9 6 15 3 15 0 23 3 
19 0 30 0 30 3 2 0 
25 6 24 5 14 1 20 6 
18 3 10 7 1 4 6 0 
18 7 6 3 12 5 29 3 
5 1 6 3 9 3 18 1 
4 5
0 3
10 3
8 2
2 0
0 1
7 1
9 2
