5
27 3 13 0 15 5 22 3 
18 3 24 7 1 5 0 7 
10 3 22 3 26 0 14 5 
28 7 13 7 26 2 23 7 
19 7 9 5 22 5 9 6 
29 0 2 0 6 4 7 0 
10 6 8 4 18 4 22 3 
24 3 5 1 29 5 21 5 
16 6 7 5 7 2 20 5 
29 5 15 2 16 6 30 1 
17 3 10 6 27 7 8 0 
25 7 9 1 5 7 17 7 
14 6 14 2 25 3 3 7 
8 3 14 4 12 7 22 4 
30 5 1 0 8 7 26 0 
20 2 18 5 17 4 8 7 
8 5
3 4
7 0
1 4
1 0
8 3
1 2
1 1
27 3 13 0 15 5 22 3 
18 3 24 7 1 5 0 7 
10 3 22 3 26 0 14 5 
28 7 13 7 26 2 23 7 
19 7 9 5 22 5 9 6 
29 0 2 0 6 4 7 0 
10 6 8 4 18 4 22 3 
24 3 5 1 29 5 21 5 
16 6 7 5 7 2 20 5 
29 5 15 2 16 6 30 1 
17 3 10 6 27 7 8 0 
25 7 9 1 5 7 17 7 
14 6 14 2 25 3 3 7 
8 3 14 4 12 7 22 4 
30 5 1 0 8 7 26 0 
20 2 18 5 17 4 8 7 
8 5
3 4
7 0
1 4
1 0
8 3
1 2
1 1
27 3 13 0 15 5 22 3 
18 3 24 7 1 5 0 7 
10 3 22 3 26 0 14 5 
28 7 13 7 26 2 23 7 
19 7 9 5 22 5 9 6 
29 0 2 0 6 4 7 0 
10 6 8 4 18 4 22 3 
24 3 5 1 29 5 21 5 
16 6 7 5 7 2 20 5 
29 5 15 2 16 6 30 1 
17 3 10 6 27 7 8 0 
25 7 9 1 5 7 17 7 
14 6 14 2 25 3 3 7 
8 3 14 4 12 7 22 4 
30 5 1 0 8 7 26 0 
20 2 18 5 17 4 8 7 
8 5
3 4
7 0
1 4
1 0
8 3
1 2
1 1
27 3 13 0 15 5 22 3 
18 3 24 7 1 5 0 7 
10 3 22 3 26 0 14 5 
28 7 13 7 26 2 23 7 
19 7 9 5 22 5 9 6 
29 0 2 0 6 4 7 0 
10 6 8 4 18 4 22 3 
24 3 5 1 29 5 21 5 
16 6 7 5 7 2 20 5 
29 5 15 2 16 6 30 1 
17 3 10 6 27 7 8 0 
25 7 9 1 5 7 17 7 
14 6 14 2 25 3 3 7 
8 3 14 4 12 7 22 4 
30 5 1 0 8 7 26 0 
20 2 18 5 17 4 8 7 
8 5
3 4
7 0
1 4
1 0
8 3
1 2
1 1
27 3 13 0 15 5 22 3 
18 3 24 7 1 5 0 7 
10 3 22 3 26 0 14 5 
28 7 13 7 26 2 23 7 
19 7 9 5 22 5 9 6 
29 0 2 0 6 4 7 0 
10 6 8 4 18 4 22 3 
24 3 5 1 29 5 21 5 
16 6 7 5 7 2 20 5 
29 5 15 2 16 6 30 1 
17 3 10 6 27 7 8 0 
25 7 9 1 5 7 17 7 
14 6 14 2 25 3 3 7 
8 3 14 4 12 7 22 4 
30 5 1 0 8 7 26 0 
20 2 18 5 17 4 8 7 
8 5
3 4
7 0
1 4
1 0
8 3
1 2
1 1
