5
19 7 11 3 17 4 18 4 
6 1 19 4 31 5 28 3 
14 2 2 6 27 7 18 3 
5 6 16 5 19 2 5 4 
19 0 23 5 27 5 4 2 
21 2 11 7 22 0 17 7 
18 2 5 0 26 0 13 7 
16 7 30 6 22 6 24 1 
25 6 25 7 1 6 10 4 
21 5 9 4 12 6 0 1 
11 3 2 4 7 4 25 2 
18 2 15 7 3 1 18 0 
12 3 28 2 13 2 8 2 
17 5 16 3 22 2 10 7 
7 2 25 4 26 4 0 2 
3 7 18 7 18 6 13 2 
6 2
0 5
0 0
2 4
3 0
6 1
2 2
1 3
19 7 11 3 17 4 18 4 
6 1 19 4 31 5 28 3 
14 2 2 6 27 7 18 3 
5 6 16 5 19 2 5 4 
19 0 23 5 27 5 4 2 
21 2 11 7 22 0 17 7 
18 2 5 0 26 0 13 7 
16 7 30 6 22 6 24 1 
25 6 25 7 1 6 10 4 
21 5 9 4 12 6 0 1 
11 3 2 4 7 4 25 2 
18 2 15 7 3 1 18 0 
12 3 28 2 13 2 8 2 
17 5 16 3 22 2 10 7 
7 2 25 4 26 4 0 2 
3 7 18 7 18 6 13 2 
6 2
0 5
0 0
2 4
3 0
6 1
2 2
1 3
19 7 11 3 17 4 18 4 
6 1 19 4 31 5 28 3 
14 2 2 6 27 7 18 3 
5 6 16 5 19 2 5 4 
19 0 23 5 27 5 4 2 
21 2 11 7 22 0 17 7 
18 2 5 0 26 0 13 7 
16 7 30 6 22 6 24 1 
25 6 25 7 1 6 10 4 
21 5 9 4 12 6 0 1 
11 3 2 4 7 4 25 2 
18 2 15 7 3 1 18 0 
12 3 28 2 13 2 8 2 
17 5 16 3 22 2 10 7 
7 2 25 4 26 4 0 2 
3 7 18 7 18 6 13 2 
6 2
0 5
0 0
2 4
3 0
6 1
2 2
1 3
19 7 11 3 17 4 18 4 
6 1 19 4 31 5 28 3 
14 2 2 6 27 7 18 3 
5 6 16 5 19 2 5 4 
19 0 23 5 27 5 4 2 
21 2 11 7 22 0 17 7 
18 2 5 0 26 0 13 7 
16 7 30 6 22 6 24 1 
25 6 25 7 1 6 10 4 
21 5 9 4 12 6 0 1 
11 3 2 4 7 4 25 2 
18 2 15 7 3 1 18 0 
12 3 28 2 13 2 8 2 
17 5 16 3 22 2 10 7 
7 2 25 4 26 4 0 2 
3 7 18 7 18 6 13 2 
6 2
0 5
0 0
2 4
3 0
6 1
2 2
1 3
19 7 11 3 17 4 18 4 
6 1 19 4 31 5 28 3 
14 2 2 6 27 7 18 3 
5 6 16 5 19 2 5 4 
19 0 23 5 27 5 4 2 
21 2 11 7 22 0 17 7 
18 2 5 0 26 0 13 7 
16 7 30 6 22 6 24 1 
25 6 25 7 1 6 10 4 
21 5 9 4 12 6 0 1 
11 3 2 4 7 4 25 2 
18 2 15 7 3 1 18 0 
12 3 28 2 13 2 8 2 
17 5 16 3 22 2 10 7 
7 2 25 4 26 4 0 2 
3 7 18 7 18 6 13 2 
6 2
0 5
0 0
2 4
3 0
6 1
2 2
1 3
