5
8 5 22 1 2 0 6 3 
5 3 20 0 12 5 30 0 
11 7 23 6 24 2 12 5 
14 0 11 7 12 6 28 5 
10 4 31 0 5 3 13 1 
10 5 7 1 27 4 27 4 
31 2 16 6 10 2 23 5 
3 4 18 3 20 2 14 7 
21 3 13 5 28 6 24 2 
13 4 3 0 22 5 9 4 
2 3 4 2 9 6 19 6 
26 0 8 2 8 1 17 7 
13 4 18 1 16 3 8 5 
27 4 0 4 28 6 15 7 
19 1 11 2 23 1 23 5 
4 2 15 3 10 3 7 7 
3 2
5 4
6 2
4 2
1 5
0 5
3 2
8 4
28 3 3 6 10 2 26 7 
17 3 13 2 7 6 6 3 
10 7 21 0 27 2 28 1 
24 5 23 6 1 2 31 6 
23 2 24 7 7 0 12 5 
23 5 10 1 3 4 9 3 
11 5 1 3 3 4 13 4 
10 3 15 0 18 5 14 0 
12 6 2 1 12 6 1 4 
17 1 29 4 5 4 1 3 
29 4 2 0 9 0 2 3 
28 5 29 6 20 4 6 7 
26 2 12 3 0 4 7 3 
21 6 4 1 17 0 6 6 
21 4 21 0 18 6 16 7 
13 4 2 2 9 3 28 4 
3 3
7 0
2 4
10 2
7 5
1 0
10 0
10 1
29 7 8 5 5 6 30 2 
3 7 5 0 1 3 5 2 
0 3 13 3 18 6 8 6 
19 2 6 4 30 7 20 3 
8 3 27 6 30 0 14 1 
7 6 18 2 28 6 21 0 
13 7 4 6 30 4 30 6 
3 6 9 3 3 4 22 1 
20 3 0 6 19 4 13 2 
2 2 25 7 27 6 30 6 
2 6 8 6 4 2 23 4 
7 5 29 3 28 6 31 3 
25 3 11 3 7 3 10 2 
1 5 25 2 22 4 0 7 
30 6 31 4 15 1 13 7 
25 2 9 2 1 5 25 3 
1 2
10 0
5 1
9 2
0 5
0 3
2 4
5 1
29 6 11 7 13 7 25 3 
13 3 22 3 2 7 15 5 
22 0 17 5 11 2 0 3 
10 6 17 6 12 0 0 5 
24 5 17 7 23 1 0 3 
25 0 23 5 15 4 15 5 
28 0 20 3 0 6 26 4 
27 1 20 6 4 0 5 5 
30 5 14 1 6 1 22 4 
16 3 14 0 3 6 13 5 
1 4 16 6 12 1 30 3 
9 7 1 2 21 4 11 0 
2 2 2 5 31 5 26 1 
25 1 1 1 27 3 25 0 
7 0 21 6 12 3 4 3 
23 5 18 4 14 1 8 6 
8 0
4 0
9 3
5 3
7 5
0 4
10 3
5 1
14 6 25 7 23 2 28 7 
21 4 5 7 5 2 21 6 
25 0 2 4 7 3 1 3 
12 0 5 6 30 5 4 1 
2 4 6 7 7 3 6 5 
16 7 29 1 1 7 10 0 
25 7 19 7 21 7 0 7 
20 4 30 6 21 2 12 0 
7 0 7 7 17 1 2 2 
12 0 29 6 12 6 30 5 
8 0 19 3 0 2 13 1 
4 2 12 2 15 2 17 0 
30 7 1 0 12 7 20 6 
9 0 28 3 22 1 2 6 
7 2 29 3 22 6 12 7 
22 6 13 6 10 1 7 2 
8 3
9 1
7 5
4 0
0 4
3 3
3 4
6 3
