5
5 2 16 5 15 3 20 3 
3 4 2 4 28 0 25 1 
30 0 21 1 19 5 11 3 
12 7 24 3 19 7 26 6 
1 5 20 6 28 0 6 4 
25 2 1 1 16 1 20 4 
11 2 1 5 19 0 27 3 
30 3 22 0 30 5 13 7 
10 3 28 4 14 7 0 5 
16 3 15 7 1 3 21 2 
1 5 17 4 19 5 15 2 
20 3 4 5 21 6 17 3 
28 6 1 2 17 5 24 7 
28 4 8 0 28 0 14 1 
17 1 11 7 29 4 31 2 
20 6 10 3 20 0 1 0 
7 1
9 0
1 2
10 0
1 5
4 0
8 1
6 2
5 2 16 5 15 3 20 3 
3 4 2 4 28 0 25 1 
30 0 21 1 19 5 11 3 
12 7 24 3 19 7 26 6 
1 5 20 6 28 0 6 4 
25 2 1 1 16 1 20 4 
11 2 1 5 19 0 27 3 
30 3 22 0 30 5 13 7 
10 3 28 4 14 7 0 5 
16 3 15 7 1 3 21 2 
1 5 17 4 19 5 15 2 
20 3 4 5 21 6 17 3 
28 6 1 2 17 5 24 7 
28 4 8 0 28 0 14 1 
17 1 11 7 29 4 31 2 
20 6 10 3 20 0 1 0 
7 1
9 0
1 2
10 0
1 5
4 0
8 1
6 2
5 2 16 5 15 3 20 3 
3 4 2 4 28 0 25 1 
30 0 21 1 19 5 11 3 
12 7 24 3 19 7 26 6 
1 5 20 6 28 0 6 4 
25 2 1 1 16 1 20 4 
11 2 1 5 19 0 27 3 
30 3 22 0 30 5 13 7 
10 3 28 4 14 7 0 5 
16 3 15 7 1 3 21 2 
1 5 17 4 19 5 15 2 
20 3 4 5 21 6 17 3 
28 6 1 2 17 5 24 7 
28 4 8 0 28 0 14 1 
17 1 11 7 29 4 31 2 
20 6 10 3 20 0 1 0 
7 1
9 0
1 2
10 0
1 5
4 0
8 1
6 2
5 2 16 5 15 3 20 3 
3 4 2 4 28 0 25 1 
30 0 21 1 19 5 11 3 
12 7 24 3 19 7 26 6 
1 5 20 6 28 0 6 4 
25 2 1 1 16 1 20 4 
11 2 1 5 19 0 27 3 
30 3 22 0 30 5 13 7 
10 3 28 4 14 7 0 5 
16 3 15 7 1 3 21 2 
1 5 17 4 19 5 15 2 
20 3 4 5 21 6 17 3 
28 6 1 2 17 5 24 7 
28 4 8 0 28 0 14 1 
17 1 11 7 29 4 31 2 
20 6 10 3 20 0 1 0 
7 1
9 0
1 2
10 0
1 5
4 0
8 1
6 2
5 2 16 5 15 3 20 3 
3 4 2 4 28 0 25 1 
30 0 21 1 19 5 11 3 
12 7 24 3 19 7 26 6 
1 5 20 6 28 0 6 4 
25 2 1 1 16 1 20 4 
11 2 1 5 19 0 27 3 
30 3 22 0 30 5 13 7 
10 3 28 4 14 7 0 5 
16 3 15 7 1 3 21 2 
1 5 17 4 19 5 15 2 
20 3 4 5 21 6 17 3 
28 6 1 2 17 5 24 7 
28 4 8 0 28 0 14 1 
17 1 11 7 29 4 31 2 
20 6 10 3 20 0 1 0 
7 1
9 0
1 2
10 0
1 5
4 0
8 1
6 2
