5
9 4 24 1 23 7 29 3 
16 5 15 5 11 2 19 0 
3 7 29 0 27 5 24 7 
25 7 29 0 8 1 11 3 
25 0 26 6 27 2 1 6 
17 1 20 5 31 6 25 5 
12 4 21 1 23 1 22 1 
7 7 10 5 4 2 16 2 
29 3 31 7 28 5 19 7 
5 4 10 3 9 4 2 0 
27 1 13 4 15 4 8 0 
8 3 21 5 4 0 24 7 
31 3 2 2 7 0 12 1 
17 2 15 1 21 7 13 1 
7 7 4 0 28 4 17 4 
21 0 0 1 3 2 27 0 
0 4
1 2
3 1
0 5
2 4
2 5
0 1
2 4
24 1 0 6 24 6 0 6 
30 5 12 7 14 0 10 0 
5 2 3 3 7 6 21 7 
25 6 19 3 14 3 28 4 
21 6 22 5 4 6 0 2 
3 3 12 3 3 5 29 4 
7 4 17 4 24 2 23 1 
27 2 13 4 0 6 11 3 
16 6 7 1 0 0 3 7 
25 3 7 0 22 7 9 3 
10 0 8 0 0 0 31 5 
31 4 29 4 14 1 19 7 
21 5 12 3 18 1 16 6 
18 3 22 7 8 5 24 0 
16 1 7 2 31 7 1 7 
31 4 15 0 10 5 12 2 
8 4
7 1
5 2
1 1
0 4
1 5
0 5
2 3
9 4 24 1 23 7 29 3 
16 5 15 5 11 2 19 0 
3 7 29 0 27 5 24 7 
25 7 29 0 8 1 11 3 
25 0 26 6 27 2 1 6 
17 1 20 5 31 6 25 5 
12 4 21 1 23 1 22 1 
7 7 10 5 4 2 16 2 
29 3 31 7 28 5 19 7 
5 4 10 3 9 4 2 0 
27 1 13 4 15 4 8 0 
8 3 21 5 4 0 24 7 
31 3 2 2 7 0 12 1 
17 2 15 1 21 7 13 1 
7 7 4 0 28 4 17 4 
21 0 0 1 3 2 27 0 
0 4
1 2
3 1
0 5
2 4
2 5
0 1
2 4
9 4 24 1 23 7 29 3 
16 5 15 5 11 2 19 0 
3 7 29 0 27 5 24 7 
25 7 29 0 8 1 11 3 
25 0 26 6 27 2 1 6 
17 1 20 5 31 6 25 5 
12 4 21 1 23 1 22 1 
7 7 10 5 4 2 16 2 
29 3 31 7 28 5 19 7 
5 4 10 3 9 4 2 0 
27 1 13 4 15 4 8 0 
8 3 21 5 4 0 24 7 
31 3 2 2 7 0 12 1 
17 2 15 1 21 7 13 1 
7 7 4 0 28 4 17 4 
21 0 0 1 3 2 27 0 
0 4
1 2
3 1
0 5
2 4
2 5
0 1
2 4
9 4 24 1 23 7 29 3 
16 5 15 5 11 2 19 0 
3 7 29 0 27 5 24 7 
25 7 29 0 8 1 11 3 
25 0 26 6 27 2 1 6 
17 1 20 5 31 6 25 5 
12 4 21 1 23 1 22 1 
7 7 10 5 4 2 16 2 
29 3 31 7 28 5 19 7 
5 4 10 3 9 4 2 0 
27 1 13 4 15 4 8 0 
8 3 21 5 4 0 24 7 
31 3 2 2 7 0 12 1 
17 2 15 1 21 7 13 1 
7 7 4 0 28 4 17 4 
21 0 0 1 3 2 27 0 
0 4
1 2
3 1
0 5
2 4
2 5
0 1
2 4
