5
14 5 26 3 14 1 8 0 
12 7 6 4 21 2 29 0 
14 2 27 6 5 1 0 7 
3 5 19 3 9 1 23 6 
21 2 28 5 21 7 7 7 
29 6 25 2 8 2 12 6 
26 0 15 1 10 5 10 3 
13 7 25 5 5 1 14 1 
6 3 27 5 5 6 22 6 
22 6 23 7 23 5 13 7 
6 6 5 7 24 1 27 6 
4 4 3 1 17 4 18 6 
8 4 4 7 25 3 4 7 
2 0 7 7 4 5 9 7 
20 5 10 0 28 7 0 3 
18 4 29 4 1 1 9 5 
4 2
1 0
3 5
1 5
2 4
1 5
2 4
0 5
14 5 26 3 14 1 8 0 
12 7 6 4 21 2 29 0 
14 2 27 6 5 1 0 7 
3 5 19 3 9 1 23 6 
21 2 28 5 21 7 7 7 
29 6 25 2 8 2 12 6 
26 0 15 1 10 5 10 3 
13 7 25 5 5 1 14 1 
6 3 27 5 5 6 22 6 
22 6 23 7 23 5 13 7 
6 6 5 7 24 1 27 6 
4 4 3 1 17 4 18 6 
8 4 4 7 25 3 4 7 
2 0 7 7 4 5 9 7 
20 5 10 0 28 7 0 3 
18 4 29 4 1 1 9 5 
4 2
1 0
3 5
1 5
2 4
1 5
2 4
0 5
14 5 26 3 14 1 8 0 
12 7 6 4 21 2 29 0 
14 2 27 6 5 1 0 7 
3 5 19 3 9 1 23 6 
21 2 28 5 21 7 7 7 
29 6 25 2 8 2 12 6 
26 0 15 1 10 5 10 3 
13 7 25 5 5 1 14 1 
6 3 27 5 5 6 22 6 
22 6 23 7 23 5 13 7 
6 6 5 7 24 1 27 6 
4 4 3 1 17 4 18 6 
8 4 4 7 25 3 4 7 
2 0 7 7 4 5 9 7 
20 5 10 0 28 7 0 3 
18 4 29 4 1 1 9 5 
4 2
1 0
3 5
1 5
2 4
1 5
2 4
0 5
4 5 14 3 14 5 20 2 
3 1 27 1 10 3 15 1 
10 0 19 2 10 7 16 2 
27 3 30 6 24 2 17 5 
6 1 24 2 16 0 9 1 
0 0 4 2 17 4 28 0 
13 4 1 2 12 2 10 2 
29 7 11 6 10 5 20 4 
31 3 12 2 1 0 9 4 
4 5 1 4 11 2 27 1 
22 6 28 5 3 4 5 7 
5 1 0 7 21 3 18 7 
27 5 23 7 6 0 18 4 
31 5 19 0 23 7 6 6 
8 5 3 7 8 4 27 3 
19 7 2 7 25 0 12 3 
9 4
1 2
0 4
9 3
0 5
2 5
3 3
6 5
14 5 26 3 14 1 8 0 
12 7 6 4 21 2 29 0 
14 2 27 6 5 1 0 7 
3 5 19 3 9 1 23 6 
21 2 28 5 21 7 7 7 
29 6 25 2 8 2 12 6 
26 0 15 1 10 5 10 3 
13 7 25 5 5 1 14 1 
6 3 27 5 5 6 22 6 
22 6 23 7 23 5 13 7 
6 6 5 7 24 1 27 6 
4 4 3 1 17 4 18 6 
8 4 4 7 25 3 4 7 
2 0 7 7 4 5 9 7 
20 5 10 0 28 7 0 3 
18 4 29 4 1 1 9 5 
4 2
1 0
3 5
1 5
2 4
1 5
2 4
0 5
