5
10 2 5 1 23 6 12 5 
17 6 27 4 10 2 28 4 
20 6 19 1 5 1 6 3 
6 4 23 4 19 3 6 2 
15 4 26 1 18 1 5 3 
23 5 13 7 23 2 16 7 
12 2 6 1 12 2 14 3 
29 5 12 3 3 2 24 2 
4 5 29 3 23 2 13 0 
7 7 26 0 21 2 31 0 
13 3 9 2 20 4 7 0 
12 1 26 0 29 0 5 3 
29 3 15 6 28 7 23 1 
12 5 20 1 24 7 21 4 
12 1 23 1 11 4 5 0 
5 7 30 4 9 2 0 6 
10 2
10 3
1 1
1 3
3 3
4 1
0 5
1 4
10 2 5 1 23 6 12 5 
17 6 27 4 10 2 28 4 
20 6 19 1 5 1 6 3 
6 4 23 4 19 3 6 2 
15 4 26 1 18 1 5 3 
23 5 13 7 23 2 16 7 
12 2 6 1 12 2 14 3 
29 5 12 3 3 2 24 2 
4 5 29 3 23 2 13 0 
7 7 26 0 21 2 31 0 
13 3 9 2 20 4 7 0 
12 1 26 0 29 0 5 3 
29 3 15 6 28 7 23 1 
12 5 20 1 24 7 21 4 
12 1 23 1 11 4 5 0 
5 7 30 4 9 2 0 6 
10 2
10 3
1 1
1 3
3 3
4 1
0 5
1 4
10 2 5 1 23 6 12 5 
17 6 27 4 10 2 28 4 
20 6 19 1 5 1 6 3 
6 4 23 4 19 3 6 2 
15 4 26 1 18 1 5 3 
23 5 13 7 23 2 16 7 
12 2 6 1 12 2 14 3 
29 5 12 3 3 2 24 2 
4 5 29 3 23 2 13 0 
7 7 26 0 21 2 31 0 
13 3 9 2 20 4 7 0 
12 1 26 0 29 0 5 3 
29 3 15 6 28 7 23 1 
12 5 20 1 24 7 21 4 
12 1 23 1 11 4 5 0 
5 7 30 4 9 2 0 6 
10 2
10 3
1 1
1 3
3 3
4 1
0 5
1 4
10 2 5 1 23 6 12 5 
17 6 27 4 10 2 28 4 
20 6 19 1 5 1 6 3 
6 4 23 4 19 3 6 2 
15 4 26 1 18 1 5 3 
23 5 13 7 23 2 16 7 
12 2 6 1 12 2 14 3 
29 5 12 3 3 2 24 2 
4 5 29 3 23 2 13 0 
7 7 26 0 21 2 31 0 
13 3 9 2 20 4 7 0 
12 1 26 0 29 0 5 3 
29 3 15 6 28 7 23 1 
12 5 20 1 24 7 21 4 
12 1 23 1 11 4 5 0 
5 7 30 4 9 2 0 6 
10 2
10 3
1 1
1 3
3 3
4 1
0 5
1 4
10 2 5 1 23 6 12 5 
17 6 27 4 10 2 28 4 
20 6 19 1 5 1 6 3 
6 4 23 4 19 3 6 2 
15 4 26 1 18 1 5 3 
23 5 13 7 23 2 16 7 
12 2 6 1 12 2 14 3 
29 5 12 3 3 2 24 2 
4 5 29 3 23 2 13 0 
7 7 26 0 21 2 31 0 
13 3 9 2 20 4 7 0 
12 1 26 0 29 0 5 3 
29 3 15 6 28 7 23 1 
12 5 20 1 24 7 21 4 
12 1 23 1 11 4 5 0 
5 7 30 4 9 2 0 6 
10 2
10 3
1 1
1 3
3 3
4 1
0 5
1 4
