5
22 4 6 5 17 1 6 4 
12 6 16 0 6 1 25 1 
26 7 1 7 12 5 16 3 
11 2 21 5 6 1 21 5 
24 5 14 1 28 5 3 2 
11 1 7 4 19 1 24 0 
13 7 25 2 1 3 5 3 
20 7 7 0 9 2 25 3 
31 5 23 6 0 7 28 2 
3 5 22 0 19 4 17 1 
11 4 8 3 26 1 6 0 
7 7 30 7 6 3 16 1 
9 2 18 7 6 1 1 3 
27 1 25 7 14 2 23 2 
18 6 9 0 30 7 27 0 
14 2 2 4 28 2 28 4 
0 5
4 2
1 5
0 5
2 4
9 1
4 0
1 1
22 4 6 5 17 1 6 4 
12 6 16 0 6 1 25 1 
26 7 1 7 12 5 16 3 
11 2 21 5 6 1 21 5 
24 5 14 1 28 5 3 2 
11 1 7 4 19 1 24 0 
13 7 25 2 1 3 5 3 
20 7 7 0 9 2 25 3 
31 5 23 6 0 7 28 2 
3 5 22 0 19 4 17 1 
11 4 8 3 26 1 6 0 
7 7 30 7 6 3 16 1 
9 2 18 7 6 1 1 3 
27 1 25 7 14 2 23 2 
18 6 9 0 30 7 27 0 
14 2 2 4 28 2 28 4 
0 5
4 2
1 5
0 5
2 4
9 1
4 0
1 1
22 4 6 5 17 1 6 4 
12 6 16 0 6 1 25 1 
26 7 1 7 12 5 16 3 
11 2 21 5 6 1 21 5 
24 5 14 1 28 5 3 2 
11 1 7 4 19 1 24 0 
13 7 25 2 1 3 5 3 
20 7 7 0 9 2 25 3 
31 5 23 6 0 7 28 2 
3 5 22 0 19 4 17 1 
11 4 8 3 26 1 6 0 
7 7 30 7 6 3 16 1 
9 2 18 7 6 1 1 3 
27 1 25 7 14 2 23 2 
18 6 9 0 30 7 27 0 
14 2 2 4 28 2 28 4 
0 5
4 2
1 5
0 5
2 4
9 1
4 0
1 1
22 4 6 5 17 1 6 4 
12 6 16 0 6 1 25 1 
26 7 1 7 12 5 16 3 
11 2 21 5 6 1 21 5 
24 5 14 1 28 5 3 2 
11 1 7 4 19 1 24 0 
13 7 25 2 1 3 5 3 
20 7 7 0 9 2 25 3 
31 5 23 6 0 7 28 2 
3 5 22 0 19 4 17 1 
11 4 8 3 26 1 6 0 
7 7 30 7 6 3 16 1 
9 2 18 7 6 1 1 3 
27 1 25 7 14 2 23 2 
18 6 9 0 30 7 27 0 
14 2 2 4 28 2 28 4 
0 5
4 2
1 5
0 5
2 4
9 1
4 0
1 1
22 4 6 5 17 1 6 4 
12 6 16 0 6 1 25 1 
26 7 1 7 12 5 16 3 
11 2 21 5 6 1 21 5 
24 5 14 1 28 5 3 2 
11 1 7 4 19 1 24 0 
13 7 25 2 1 3 5 3 
20 7 7 0 9 2 25 3 
31 5 23 6 0 7 28 2 
3 5 22 0 19 4 17 1 
11 4 8 3 26 1 6 0 
7 7 30 7 6 3 16 1 
9 2 18 7 6 1 1 3 
27 1 25 7 14 2 23 2 
18 6 9 0 30 7 27 0 
14 2 2 4 28 2 28 4 
0 5
4 2
1 5
0 5
2 4
9 1
4 0
1 1
