5
17 4 14 4 30 4 26 0 
2 1 24 7 5 5 0 0 
27 7 10 1 2 2 24 3 
25 7 18 7 27 0 8 6 
20 2 28 2 20 2 30 4 
27 6 0 6 8 3 14 7 
21 3 6 4 23 6 0 5 
23 6 9 7 24 0 9 5 
2 6 9 0 30 0 18 4 
26 2 26 6 13 5 30 0 
16 6 2 1 1 4 5 3 
30 5 27 5 4 1 3 2 
27 5 12 6 21 5 29 2 
12 7 18 4 20 5 12 2 
31 4 1 6 11 7 24 4 
6 3 17 3 6 0 9 0 
7 2
0 1
2 5
0 3
4 5
5 0
1 5
5 4
17 4 14 4 30 4 26 0 
2 1 24 7 5 5 0 0 
27 7 10 1 2 2 24 3 
25 7 18 7 27 0 8 6 
20 2 28 2 20 2 30 4 
27 6 0 6 8 3 14 7 
21 3 6 4 23 6 0 5 
23 6 9 7 24 0 9 5 
2 6 9 0 30 0 18 4 
26 2 26 6 13 5 30 0 
16 6 2 1 1 4 5 3 
30 5 27 5 4 1 3 2 
27 5 12 6 21 5 29 2 
12 7 18 4 20 5 12 2 
31 4 1 6 11 7 24 4 
6 3 17 3 6 0 9 0 
7 2
0 1
2 5
0 3
4 5
5 0
1 5
5 4
17 4 14 4 30 4 26 0 
2 1 24 7 5 5 0 0 
27 7 10 1 2 2 24 3 
25 7 18 7 27 0 8 6 
20 2 28 2 20 2 30 4 
27 6 0 6 8 3 14 7 
21 3 6 4 23 6 0 5 
23 6 9 7 24 0 9 5 
2 6 9 0 30 0 18 4 
26 2 26 6 13 5 30 0 
16 6 2 1 1 4 5 3 
30 5 27 5 4 1 3 2 
27 5 12 6 21 5 29 2 
12 7 18 4 20 5 12 2 
31 4 1 6 11 7 24 4 
6 3 17 3 6 0 9 0 
7 2
0 1
2 5
0 3
4 5
5 0
1 5
5 4
17 4 14 4 30 4 26 0 
2 1 24 7 5 5 0 0 
27 7 10 1 2 2 24 3 
25 7 18 7 27 0 8 6 
20 2 28 2 20 2 30 4 
27 6 0 6 8 3 14 7 
21 3 6 4 23 6 0 5 
23 6 9 7 24 0 9 5 
2 6 9 0 30 0 18 4 
26 2 26 6 13 5 30 0 
16 6 2 1 1 4 5 3 
30 5 27 5 4 1 3 2 
27 5 12 6 21 5 29 2 
12 7 18 4 20 5 12 2 
31 4 1 6 11 7 24 4 
6 3 17 3 6 0 9 0 
7 2
0 1
2 5
0 3
4 5
5 0
1 5
5 4
17 4 14 4 30 4 26 0 
2 1 24 7 5 5 0 0 
27 7 10 1 2 2 24 3 
25 7 18 7 27 0 8 6 
20 2 28 2 20 2 30 4 
27 6 0 6 8 3 14 7 
21 3 6 4 23 6 0 5 
23 6 9 7 24 0 9 5 
2 6 9 0 30 0 18 4 
26 2 26 6 13 5 30 0 
16 6 2 1 1 4 5 3 
30 5 27 5 4 1 3 2 
27 5 12 6 21 5 29 2 
12 7 18 4 20 5 12 2 
31 4 1 6 11 7 24 4 
6 3 17 3 6 0 9 0 
7 2
0 1
2 5
0 3
4 5
5 0
1 5
5 4
