5
28 5 26 0 28 2 2 0 
3 0 20 0 29 1 12 7 
0 7 6 1 9 1 11 7 
11 7 30 4 13 7 3 2 
23 5 11 6 1 5 7 3 
25 5 7 0 28 4 10 6 
0 1 16 7 0 1 12 3 
19 1 28 4 4 4 11 7 
8 5 11 2 0 0 23 7 
11 1 15 2 29 7 30 1 
14 6 30 4 23 4 13 2 
2 3 27 4 9 7 30 5 
18 4 11 0 5 6 22 0 
26 3 25 3 9 2 30 3 
26 5 23 5 27 3 17 2 
25 5 11 4 9 2 7 0 
2 2
5 0
10 5
3 5
3 5
10 3
7 5
2 5
28 5 26 0 28 2 2 0 
3 0 20 0 29 1 12 7 
0 7 6 1 9 1 11 7 
11 7 30 4 13 7 3 2 
23 5 11 6 1 5 7 3 
25 5 7 0 28 4 10 6 
0 1 16 7 0 1 12 3 
19 1 28 4 4 4 11 7 
8 5 11 2 0 0 23 7 
11 1 15 2 29 7 30 1 
14 6 30 4 23 4 13 2 
2 3 27 4 9 7 30 5 
18 4 11 0 5 6 22 0 
26 3 25 3 9 2 30 3 
26 5 23 5 27 3 17 2 
25 5 11 4 9 2 7 0 
2 2
5 0
10 5
3 5
3 5
10 3
7 5
2 5
28 5 26 0 28 2 2 0 
3 0 20 0 29 1 12 7 
0 7 6 1 9 1 11 7 
11 7 30 4 13 7 3 2 
23 5 11 6 1 5 7 3 
25 5 7 0 28 4 10 6 
0 1 16 7 0 1 12 3 
19 1 28 4 4 4 11 7 
8 5 11 2 0 0 23 7 
11 1 15 2 29 7 30 1 
14 6 30 4 23 4 13 2 
2 3 27 4 9 7 30 5 
18 4 11 0 5 6 22 0 
26 3 25 3 9 2 30 3 
26 5 23 5 27 3 17 2 
25 5 11 4 9 2 7 0 
2 2
5 0
10 5
3 5
3 5
10 3
7 5
2 5
28 5 26 0 28 2 2 0 
3 0 20 0 29 1 12 7 
0 7 6 1 9 1 11 7 
11 7 30 4 13 7 3 2 
23 5 11 6 1 5 7 3 
25 5 7 0 28 4 10 6 
0 1 16 7 0 1 12 3 
19 1 28 4 4 4 11 7 
8 5 11 2 0 0 23 7 
11 1 15 2 29 7 30 1 
14 6 30 4 23 4 13 2 
2 3 27 4 9 7 30 5 
18 4 11 0 5 6 22 0 
26 3 25 3 9 2 30 3 
26 5 23 5 27 3 17 2 
25 5 11 4 9 2 7 0 
2 2
5 0
10 5
3 5
3 5
10 3
7 5
2 5
28 5 26 0 28 2 2 0 
3 0 20 0 29 1 12 7 
0 7 6 1 9 1 11 7 
11 7 30 4 13 7 3 2 
23 5 11 6 1 5 7 3 
25 5 7 0 28 4 10 6 
0 1 16 7 0 1 12 3 
19 1 28 4 4 4 11 7 
8 5 11 2 0 0 23 7 
11 1 15 2 29 7 30 1 
14 6 30 4 23 4 13 2 
2 3 27 4 9 7 30 5 
18 4 11 0 5 6 22 0 
26 3 25 3 9 2 30 3 
26 5 23 5 27 3 17 2 
25 5 11 4 9 2 7 0 
2 2
5 0
10 5
3 5
3 5
10 3
7 5
2 5
