5
18 4 18 4 13 5 4 7 
21 5 27 2 30 5 6 5 
22 5 4 7 30 1 21 6 
15 4 16 4 17 7 24 4 
17 3 12 1 12 0 18 0 
14 2 19 6 11 2 17 2 
20 5 26 3 30 6 0 7 
13 3 0 4 3 3 16 5 
30 5 21 5 13 1 25 3 
24 0 21 2 9 4 26 1 
10 0 19 2 18 1 4 7 
5 6 26 5 28 3 22 2 
4 5 6 1 7 1 8 3 
3 0 24 5 22 0 20 4 
25 1 26 5 0 6 28 0 
16 3 30 5 28 5 28 1 
8 5
2 0
7 2
6 0
3 3
3 4
5 3
10 3
18 4 18 4 13 5 4 7 
21 5 27 2 30 5 6 5 
22 5 4 7 30 1 21 6 
15 4 16 4 17 7 24 4 
17 3 12 1 12 0 18 0 
14 2 19 6 11 2 17 2 
20 5 26 3 30 6 0 7 
13 3 0 4 3 3 16 5 
30 5 21 5 13 1 25 3 
24 0 21 2 9 4 26 1 
10 0 19 2 18 1 4 7 
5 6 26 5 28 3 22 2 
4 5 6 1 7 1 8 3 
3 0 24 5 22 0 20 4 
25 1 26 5 0 6 28 0 
16 3 30 5 28 5 28 1 
8 5
2 0
7 2
6 0
3 3
3 4
5 3
10 3
18 4 18 4 13 5 4 7 
21 5 27 2 30 5 6 5 
22 5 4 7 30 1 21 6 
15 4 16 4 17 7 24 4 
17 3 12 1 12 0 18 0 
14 2 19 6 11 2 17 2 
20 5 26 3 30 6 0 7 
13 3 0 4 3 3 16 5 
30 5 21 5 13 1 25 3 
24 0 21 2 9 4 26 1 
10 0 19 2 18 1 4 7 
5 6 26 5 28 3 22 2 
4 5 6 1 7 1 8 3 
3 0 24 5 22 0 20 4 
25 1 26 5 0 6 28 0 
16 3 30 5 28 5 28 1 
8 5
2 0
7 2
6 0
3 3
3 4
5 3
10 3
4 1 17 6 5 6 11 4 
4 4 12 5 24 5 11 3 
19 3 22 5 5 1 13 0 
14 7 7 6 0 7 5 0 
27 1 7 2 20 6 23 4 
12 7 21 4 15 7 0 4 
21 6 14 0 8 2 7 5 
13 3 31 3 23 2 15 7 
31 4 14 2 23 4 7 6 
11 3 4 2 5 1 19 0 
21 3 30 5 24 3 5 4 
24 5 3 3 0 0 28 6 
1 2 5 2 0 0 31 2 
11 4 25 0 26 5 22 1 
21 6 11 6 26 1 20 7 
16 7 21 5 30 7 19 2 
2 3
4 0
6 1
0 4
1 2
8 5
2 4
1 5
18 4 18 4 13 5 4 7 
21 5 27 2 30 5 6 5 
22 5 4 7 30 1 21 6 
15 4 16 4 17 7 24 4 
17 3 12 1 12 0 18 0 
14 2 19 6 11 2 17 2 
20 5 26 3 30 6 0 7 
13 3 0 4 3 3 16 5 
30 5 21 5 13 1 25 3 
24 0 21 2 9 4 26 1 
10 0 19 2 18 1 4 7 
5 6 26 5 28 3 22 2 
4 5 6 1 7 1 8 3 
3 0 24 5 22 0 20 4 
25 1 26 5 0 6 28 0 
16 3 30 5 28 5 28 1 
8 5
2 0
7 2
6 0
3 3
3 4
5 3
10 3
