5
27 4 21 3 17 0 5 7 
21 6 14 5 8 2 26 7 
4 1 5 3 1 3 7 1 
18 5 7 5 6 1 17 7 
29 3 22 5 25 2 31 4 
29 7 26 0 18 1 15 4 
8 2 1 4 26 5 29 0 
3 3 12 3 25 1 5 1 
24 1 30 5 16 3 30 5 
21 0 12 7 14 3 26 3 
10 4 13 2 31 4 10 7 
6 4 6 1 12 3 27 5 
11 6 27 4 8 0 24 0 
19 3 14 3 20 7 20 1 
6 5 30 3 15 0 17 5 
1 7 25 7 26 6 6 3 
6 5
4 1
2 3
7 1
3 2
0 3
3 5
3 5
27 4 21 3 17 0 5 7 
21 6 14 5 8 2 26 7 
4 1 5 3 1 3 7 1 
18 5 7 5 6 1 17 7 
29 3 22 5 25 2 31 4 
29 7 26 0 18 1 15 4 
8 2 1 4 26 5 29 0 
3 3 12 3 25 1 5 1 
24 1 30 5 16 3 30 5 
21 0 12 7 14 3 26 3 
10 4 13 2 31 4 10 7 
6 4 6 1 12 3 27 5 
11 6 27 4 8 0 24 0 
19 3 14 3 20 7 20 1 
6 5 30 3 15 0 17 5 
1 7 25 7 26 6 6 3 
6 5
4 1
2 3
7 1
3 2
0 3
3 5
3 5
27 4 21 3 17 0 5 7 
21 6 14 5 8 2 26 7 
4 1 5 3 1 3 7 1 
18 5 7 5 6 1 17 7 
29 3 22 5 25 2 31 4 
29 7 26 0 18 1 15 4 
8 2 1 4 26 5 29 0 
3 3 12 3 25 1 5 1 
24 1 30 5 16 3 30 5 
21 0 12 7 14 3 26 3 
10 4 13 2 31 4 10 7 
6 4 6 1 12 3 27 5 
11 6 27 4 8 0 24 0 
19 3 14 3 20 7 20 1 
6 5 30 3 15 0 17 5 
1 7 25 7 26 6 6 3 
6 5
4 1
2 3
7 1
3 2
0 3
3 5
3 5
27 4 21 3 17 0 5 7 
21 6 14 5 8 2 26 7 
4 1 5 3 1 3 7 1 
18 5 7 5 6 1 17 7 
29 3 22 5 25 2 31 4 
29 7 26 0 18 1 15 4 
8 2 1 4 26 5 29 0 
3 3 12 3 25 1 5 1 
24 1 30 5 16 3 30 5 
21 0 12 7 14 3 26 3 
10 4 13 2 31 4 10 7 
6 4 6 1 12 3 27 5 
11 6 27 4 8 0 24 0 
19 3 14 3 20 7 20 1 
6 5 30 3 15 0 17 5 
1 7 25 7 26 6 6 3 
6 5
4 1
2 3
7 1
3 2
0 3
3 5
3 5
27 4 21 3 17 0 5 7 
21 6 14 5 8 2 26 7 
4 1 5 3 1 3 7 1 
18 5 7 5 6 1 17 7 
29 3 22 5 25 2 31 4 
29 7 26 0 18 1 15 4 
8 2 1 4 26 5 29 0 
3 3 12 3 25 1 5 1 
24 1 30 5 16 3 30 5 
21 0 12 7 14 3 26 3 
10 4 13 2 31 4 10 7 
6 4 6 1 12 3 27 5 
11 6 27 4 8 0 24 0 
19 3 14 3 20 7 20 1 
6 5 30 3 15 0 17 5 
1 7 25 7 26 6 6 3 
6 5
4 1
2 3
7 1
3 2
0 3
3 5
3 5
