5
14 6 4 5 16 6 20 6 
28 2 27 2 27 7 27 6 
19 2 28 4 25 4 24 6 
14 2 11 4 2 3 4 6 
16 4 25 0 20 3 31 3 
2 1 1 1 29 5 4 0 
30 5 17 0 22 4 17 3 
22 5 24 1 24 7 24 5 
4 5 7 4 24 1 15 5 
21 7 18 0 26 2 0 4 
17 3 20 7 0 4 17 4 
3 7 19 6 22 3 23 2 
23 2 25 4 8 1 23 0 
7 4 7 0 11 4 12 7 
25 6 3 3 4 7 24 5 
9 4 26 0 17 1 18 1 
10 0
0 5
3 5
1 3
4 3
3 0
10 5
3 5
14 6 4 5 16 6 20 6 
28 2 27 2 27 7 27 6 
19 2 28 4 25 4 24 6 
14 2 11 4 2 3 4 6 
16 4 25 0 20 3 31 3 
2 1 1 1 29 5 4 0 
30 5 17 0 22 4 17 3 
22 5 24 1 24 7 24 5 
4 5 7 4 24 1 15 5 
21 7 18 0 26 2 0 4 
17 3 20 7 0 4 17 4 
3 7 19 6 22 3 23 2 
23 2 25 4 8 1 23 0 
7 4 7 0 11 4 12 7 
25 6 3 3 4 7 24 5 
9 4 26 0 17 1 18 1 
10 0
0 5
3 5
1 3
4 3
3 0
10 5
3 5
14 6 4 5 16 6 20 6 
28 2 27 2 27 7 27 6 
19 2 28 4 25 4 24 6 
14 2 11 4 2 3 4 6 
16 4 25 0 20 3 31 3 
2 1 1 1 29 5 4 0 
30 5 17 0 22 4 17 3 
22 5 24 1 24 7 24 5 
4 5 7 4 24 1 15 5 
21 7 18 0 26 2 0 4 
17 3 20 7 0 4 17 4 
3 7 19 6 22 3 23 2 
23 2 25 4 8 1 23 0 
7 4 7 0 11 4 12 7 
25 6 3 3 4 7 24 5 
9 4 26 0 17 1 18 1 
10 0
0 5
3 5
1 3
4 3
3 0
10 5
3 5
14 6 4 5 16 6 20 6 
28 2 27 2 27 7 27 6 
19 2 28 4 25 4 24 6 
14 2 11 4 2 3 4 6 
16 4 25 0 20 3 31 3 
2 1 1 1 29 5 4 0 
30 5 17 0 22 4 17 3 
22 5 24 1 24 7 24 5 
4 5 7 4 24 1 15 5 
21 7 18 0 26 2 0 4 
17 3 20 7 0 4 17 4 
3 7 19 6 22 3 23 2 
23 2 25 4 8 1 23 0 
7 4 7 0 11 4 12 7 
25 6 3 3 4 7 24 5 
9 4 26 0 17 1 18 1 
10 0
0 5
3 5
1 3
4 3
3 0
10 5
3 5
14 6 4 5 16 6 20 6 
28 2 27 2 27 7 27 6 
19 2 28 4 25 4 24 6 
14 2 11 4 2 3 4 6 
16 4 25 0 20 3 31 3 
2 1 1 1 29 5 4 0 
30 5 17 0 22 4 17 3 
22 5 24 1 24 7 24 5 
4 5 7 4 24 1 15 5 
21 7 18 0 26 2 0 4 
17 3 20 7 0 4 17 4 
3 7 19 6 22 3 23 2 
23 2 25 4 8 1 23 0 
7 4 7 0 11 4 12 7 
25 6 3 3 4 7 24 5 
9 4 26 0 17 1 18 1 
10 0
0 5
3 5
1 3
4 3
3 0
10 5
3 5
