5
29 7 25 6 10 5 3 2 
9 7 14 7 0 1 15 1 
27 5 28 0 29 7 5 3 
16 5 14 1 28 1 2 4 
0 5 31 7 20 2 22 5 
2 2 17 4 9 4 9 2 
30 4 31 2 9 6 18 6 
19 6 31 5 3 7 13 4 
11 7 2 0 20 7 12 6 
13 4 22 3 28 6 24 2 
3 0 28 1 2 4 1 1 
10 7 31 7 25 2 14 4 
1 7 28 1 1 6 2 7 
16 1 30 6 2 4 5 1 
17 1 9 5 15 5 9 4 
25 0 1 2 4 2 2 7 
3 5
3 0
1 5
0 5
6 4
0 4
1 5
10 0
29 7 25 6 10 5 3 2 
9 7 14 7 0 1 15 1 
27 5 28 0 29 7 5 3 
16 5 14 1 28 1 2 4 
0 5 31 7 20 2 22 5 
2 2 17 4 9 4 9 2 
30 4 31 2 9 6 18 6 
19 6 31 5 3 7 13 4 
11 7 2 0 20 7 12 6 
13 4 22 3 28 6 24 2 
3 0 28 1 2 4 1 1 
10 7 31 7 25 2 14 4 
1 7 28 1 1 6 2 7 
16 1 30 6 2 4 5 1 
17 1 9 5 15 5 9 4 
25 0 1 2 4 2 2 7 
3 5
3 0
1 5
0 5
6 4
0 4
1 5
10 0
29 7 25 6 10 5 3 2 
9 7 14 7 0 1 15 1 
27 5 28 0 29 7 5 3 
16 5 14 1 28 1 2 4 
0 5 31 7 20 2 22 5 
2 2 17 4 9 4 9 2 
30 4 31 2 9 6 18 6 
19 6 31 5 3 7 13 4 
11 7 2 0 20 7 12 6 
13 4 22 3 28 6 24 2 
3 0 28 1 2 4 1 1 
10 7 31 7 25 2 14 4 
1 7 28 1 1 6 2 7 
16 1 30 6 2 4 5 1 
17 1 9 5 15 5 9 4 
25 0 1 2 4 2 2 7 
3 5
3 0
1 5
0 5
6 4
0 4
1 5
10 0
29 7 25 6 10 5 3 2 
9 7 14 7 0 1 15 1 
27 5 28 0 29 7 5 3 
16 5 14 1 28 1 2 4 
0 5 31 7 20 2 22 5 
2 2 17 4 9 4 9 2 
30 4 31 2 9 6 18 6 
19 6 31 5 3 7 13 4 
11 7 2 0 20 7 12 6 
13 4 22 3 28 6 24 2 
3 0 28 1 2 4 1 1 
10 7 31 7 25 2 14 4 
1 7 28 1 1 6 2 7 
16 1 30 6 2 4 5 1 
17 1 9 5 15 5 9 4 
25 0 1 2 4 2 2 7 
3 5
3 0
1 5
0 5
6 4
0 4
1 5
10 0
29 7 25 6 10 5 3 2 
9 7 14 7 0 1 15 1 
27 5 28 0 29 7 5 3 
16 5 14 1 28 1 2 4 
0 5 31 7 20 2 22 5 
2 2 17 4 9 4 9 2 
30 4 31 2 9 6 18 6 
19 6 31 5 3 7 13 4 
11 7 2 0 20 7 12 6 
13 4 22 3 28 6 24 2 
3 0 28 1 2 4 1 1 
10 7 31 7 25 2 14 4 
1 7 28 1 1 6 2 7 
16 1 30 6 2 4 5 1 
17 1 9 5 15 5 9 4 
25 0 1 2 4 2 2 7 
3 5
3 0
1 5
0 5
6 4
0 4
1 5
10 0
