5
28 5 30 3 14 7 9 2 
13 4 2 6 9 2 4 2 
1 2 9 6 20 5 4 1 
23 4 3 2 18 5 16 1 
24 3 2 0 14 2 13 4 
4 5 27 4 2 0 21 7 
7 6 20 2 20 2 8 2 
0 4 26 3 4 4 30 5 
0 0 0 0 21 7 28 2 
31 7 1 2 11 5 18 3 
24 1 7 0 15 3 0 7 
3 2 19 1 8 3 25 3 
13 5 27 4 6 7 7 1 
19 5 7 0 14 0 19 0 
29 1 12 7 1 0 1 4 
5 3 10 4 8 3 2 7 
1 2
0 4
2 3
2 0
0 4
8 4
4 2
2 0
28 5 30 3 14 7 9 2 
13 4 2 6 9 2 4 2 
1 2 9 6 20 5 4 1 
23 4 3 2 18 5 16 1 
24 3 2 0 14 2 13 4 
4 5 27 4 2 0 21 7 
7 6 20 2 20 2 8 2 
0 4 26 3 4 4 30 5 
0 0 0 0 21 7 28 2 
31 7 1 2 11 5 18 3 
24 1 7 0 15 3 0 7 
3 2 19 1 8 3 25 3 
13 5 27 4 6 7 7 1 
19 5 7 0 14 0 19 0 
29 1 12 7 1 0 1 4 
5 3 10 4 8 3 2 7 
1 2
0 4
2 3
2 0
0 4
8 4
4 2
2 0
28 5 30 3 14 7 9 2 
13 4 2 6 9 2 4 2 
1 2 9 6 20 5 4 1 
23 4 3 2 18 5 16 1 
24 3 2 0 14 2 13 4 
4 5 27 4 2 0 21 7 
7 6 20 2 20 2 8 2 
0 4 26 3 4 4 30 5 
0 0 0 0 21 7 28 2 
31 7 1 2 11 5 18 3 
24 1 7 0 15 3 0 7 
3 2 19 1 8 3 25 3 
13 5 27 4 6 7 7 1 
19 5 7 0 14 0 19 0 
29 1 12 7 1 0 1 4 
5 3 10 4 8 3 2 7 
1 2
0 4
2 3
2 0
0 4
8 4
4 2
2 0
28 5 30 3 14 7 9 2 
13 4 2 6 9 2 4 2 
1 2 9 6 20 5 4 1 
23 4 3 2 18 5 16 1 
24 3 2 0 14 2 13 4 
4 5 27 4 2 0 21 7 
7 6 20 2 20 2 8 2 
0 4 26 3 4 4 30 5 
0 0 0 0 21 7 28 2 
31 7 1 2 11 5 18 3 
24 1 7 0 15 3 0 7 
3 2 19 1 8 3 25 3 
13 5 27 4 6 7 7 1 
19 5 7 0 14 0 19 0 
29 1 12 7 1 0 1 4 
5 3 10 4 8 3 2 7 
1 2
0 4
2 3
2 0
0 4
8 4
4 2
2 0
28 5 30 3 14 7 9 2 
13 4 2 6 9 2 4 2 
1 2 9 6 20 5 4 1 
23 4 3 2 18 5 16 1 
24 3 2 0 14 2 13 4 
4 5 27 4 2 0 21 7 
7 6 20 2 20 2 8 2 
0 4 26 3 4 4 30 5 
0 0 0 0 21 7 28 2 
31 7 1 2 11 5 18 3 
24 1 7 0 15 3 0 7 
3 2 19 1 8 3 25 3 
13 5 27 4 6 7 7 1 
19 5 7 0 14 0 19 0 
29 1 12 7 1 0 1 4 
5 3 10 4 8 3 2 7 
1 2
0 4
2 3
2 0
0 4
8 4
4 2
2 0
