5
28 3 28 3 6 6 8 7 
27 2 5 0 21 6 19 0 
6 4 8 0 30 5 23 6 
18 0 22 2 25 2 4 0 
6 6 31 4 17 4 18 7 
12 7 23 1 18 2 7 2 
9 6 26 2 26 0 18 7 
0 0 20 6 23 5 28 3 
30 7 16 7 16 4 14 4 
27 3 0 7 2 2 7 3 
11 0 21 1 19 7 27 3 
0 6 5 3 26 3 28 6 
5 4 25 4 25 2 26 5 
22 3 2 4 31 7 31 1 
24 6 16 6 26 3 2 2 
7 7 3 5 3 6 22 7 
3 4
9 5
7 3
1 2
0 5
5 5
7 0
0 3
28 3 28 3 6 6 8 7 
27 2 5 0 21 6 19 0 
6 4 8 0 30 5 23 6 
18 0 22 2 25 2 4 0 
6 6 31 4 17 4 18 7 
12 7 23 1 18 2 7 2 
9 6 26 2 26 0 18 7 
0 0 20 6 23 5 28 3 
30 7 16 7 16 4 14 4 
27 3 0 7 2 2 7 3 
11 0 21 1 19 7 27 3 
0 6 5 3 26 3 28 6 
5 4 25 4 25 2 26 5 
22 3 2 4 31 7 31 1 
24 6 16 6 26 3 2 2 
7 7 3 5 3 6 22 7 
3 4
9 5
7 3
1 2
0 5
5 5
7 0
0 3
28 3 28 3 6 6 8 7 
27 2 5 0 21 6 19 0 
6 4 8 0 30 5 23 6 
18 0 22 2 25 2 4 0 
6 6 31 4 17 4 18 7 
12 7 23 1 18 2 7 2 
9 6 26 2 26 0 18 7 
0 0 20 6 23 5 28 3 
30 7 16 7 16 4 14 4 
27 3 0 7 2 2 7 3 
11 0 21 1 19 7 27 3 
0 6 5 3 26 3 28 6 
5 4 25 4 25 2 26 5 
22 3 2 4 31 7 31 1 
24 6 16 6 26 3 2 2 
7 7 3 5 3 6 22 7 
3 4
9 5
7 3
1 2
0 5
5 5
7 0
0 3
28 3 28 3 6 6 8 7 
27 2 5 0 21 6 19 0 
6 4 8 0 30 5 23 6 
18 0 22 2 25 2 4 0 
6 6 31 4 17 4 18 7 
12 7 23 1 18 2 7 2 
9 6 26 2 26 0 18 7 
0 0 20 6 23 5 28 3 
30 7 16 7 16 4 14 4 
27 3 0 7 2 2 7 3 
11 0 21 1 19 7 27 3 
0 6 5 3 26 3 28 6 
5 4 25 4 25 2 26 5 
22 3 2 4 31 7 31 1 
24 6 16 6 26 3 2 2 
7 7 3 5 3 6 22 7 
3 4
9 5
7 3
1 2
0 5
5 5
7 0
0 3
28 3 28 3 6 6 8 7 
27 2 5 0 21 6 19 0 
6 4 8 0 30 5 23 6 
18 0 22 2 25 2 4 0 
6 6 31 4 17 4 18 7 
12 7 23 1 18 2 7 2 
9 6 26 2 26 0 18 7 
0 0 20 6 23 5 28 3 
30 7 16 7 16 4 14 4 
27 3 0 7 2 2 7 3 
11 0 21 1 19 7 27 3 
0 6 5 3 26 3 28 6 
5 4 25 4 25 2 26 5 
22 3 2 4 31 7 31 1 
24 6 16 6 26 3 2 2 
7 7 3 5 3 6 22 7 
3 4
9 5
7 3
1 2
0 5
5 5
7 0
0 3
