5
23 0 23 1 20 2 8 4 
30 1 0 5 4 0 0 6 
29 4 12 1 29 6 18 6 
23 4 18 0 24 6 27 0 
1 6 20 7 0 6 16 6 
1 5 16 0 31 1 21 7 
3 4 29 4 10 6 30 1 
31 4 12 7 14 4 25 0 
4 4 24 0 24 1 26 3 
2 0 8 3 12 5 22 1 
9 0 5 2 11 4 16 2 
25 0 20 5 21 6 13 3 
3 7 29 7 31 4 23 3 
9 7 3 5 19 7 8 4 
17 1 1 0 1 2 2 1 
13 4 11 7 3 2 30 0 
9 5
8 5
1 0
3 2
1 1
7 2
0 1
2 0
23 0 23 1 20 2 8 4 
30 1 0 5 4 0 0 6 
29 4 12 1 29 6 18 6 
23 4 18 0 24 6 27 0 
1 6 20 7 0 6 16 6 
1 5 16 0 31 1 21 7 
3 4 29 4 10 6 30 1 
31 4 12 7 14 4 25 0 
4 4 24 0 24 1 26 3 
2 0 8 3 12 5 22 1 
9 0 5 2 11 4 16 2 
25 0 20 5 21 6 13 3 
3 7 29 7 31 4 23 3 
9 7 3 5 19 7 8 4 
17 1 1 0 1 2 2 1 
13 4 11 7 3 2 30 0 
9 5
8 5
1 0
3 2
1 1
7 2
0 1
2 0
23 0 23 1 20 2 8 4 
30 1 0 5 4 0 0 6 
29 4 12 1 29 6 18 6 
23 4 18 0 24 6 27 0 
1 6 20 7 0 6 16 6 
1 5 16 0 31 1 21 7 
3 4 29 4 10 6 30 1 
31 4 12 7 14 4 25 0 
4 4 24 0 24 1 26 3 
2 0 8 3 12 5 22 1 
9 0 5 2 11 4 16 2 
25 0 20 5 21 6 13 3 
3 7 29 7 31 4 23 3 
9 7 3 5 19 7 8 4 
17 1 1 0 1 2 2 1 
13 4 11 7 3 2 30 0 
9 5
8 5
1 0
3 2
1 1
7 2
0 1
2 0
23 0 23 1 20 2 8 4 
30 1 0 5 4 0 0 6 
29 4 12 1 29 6 18 6 
23 4 18 0 24 6 27 0 
1 6 20 7 0 6 16 6 
1 5 16 0 31 1 21 7 
3 4 29 4 10 6 30 1 
31 4 12 7 14 4 25 0 
4 4 24 0 24 1 26 3 
2 0 8 3 12 5 22 1 
9 0 5 2 11 4 16 2 
25 0 20 5 21 6 13 3 
3 7 29 7 31 4 23 3 
9 7 3 5 19 7 8 4 
17 1 1 0 1 2 2 1 
13 4 11 7 3 2 30 0 
9 5
8 5
1 0
3 2
1 1
7 2
0 1
2 0
23 0 23 1 20 2 8 4 
30 1 0 5 4 0 0 6 
29 4 12 1 29 6 18 6 
23 4 18 0 24 6 27 0 
1 6 20 7 0 6 16 6 
1 5 16 0 31 1 21 7 
3 4 29 4 10 6 30 1 
31 4 12 7 14 4 25 0 
4 4 24 0 24 1 26 3 
2 0 8 3 12 5 22 1 
9 0 5 2 11 4 16 2 
25 0 20 5 21 6 13 3 
3 7 29 7 31 4 23 3 
9 7 3 5 19 7 8 4 
17 1 1 0 1 2 2 1 
13 4 11 7 3 2 30 0 
9 5
8 5
1 0
3 2
1 1
7 2
0 1
2 0
