5
5 3 23 3 0 2 13 1 
24 3 9 0 7 6 25 3 
27 1 13 6 21 3 5 4 
19 5 25 7 31 4 27 5 
27 7 2 1 11 3 24 5 
23 1 27 7 17 3 11 0 
2 4 20 1 8 7 15 3 
9 6 20 4 4 0 19 4 
20 1 6 4 9 3 19 1 
11 5 10 4 22 5 14 4 
23 2 13 0 21 3 10 6 
2 6 8 6 17 7 12 3 
8 7 7 4 31 3 21 4 
21 1 8 0 24 6 17 6 
29 4 29 0 23 3 7 7 
25 5 24 0 5 7 3 2 
1 4
3 1
7 0
3 2
1 5
1 3
0 5
3 1
5 3 23 3 0 2 13 1 
24 3 9 0 7 6 25 3 
27 1 13 6 21 3 5 4 
19 5 25 7 31 4 27 5 
27 7 2 1 11 3 24 5 
23 1 27 7 17 3 11 0 
2 4 20 1 8 7 15 3 
9 6 20 4 4 0 19 4 
20 1 6 4 9 3 19 1 
11 5 10 4 22 5 14 4 
23 2 13 0 21 3 10 6 
2 6 8 6 17 7 12 3 
8 7 7 4 31 3 21 4 
21 1 8 0 24 6 17 6 
29 4 29 0 23 3 7 7 
25 5 24 0 5 7 3 2 
1 4
3 1
7 0
3 2
1 5
1 3
0 5
3 1
5 3 23 3 0 2 13 1 
24 3 9 0 7 6 25 3 
27 1 13 6 21 3 5 4 
19 5 25 7 31 4 27 5 
27 7 2 1 11 3 24 5 
23 1 27 7 17 3 11 0 
2 4 20 1 8 7 15 3 
9 6 20 4 4 0 19 4 
20 1 6 4 9 3 19 1 
11 5 10 4 22 5 14 4 
23 2 13 0 21 3 10 6 
2 6 8 6 17 7 12 3 
8 7 7 4 31 3 21 4 
21 1 8 0 24 6 17 6 
29 4 29 0 23 3 7 7 
25 5 24 0 5 7 3 2 
1 4
3 1
7 0
3 2
1 5
1 3
0 5
3 1
5 3 23 3 0 2 13 1 
24 3 9 0 7 6 25 3 
27 1 13 6 21 3 5 4 
19 5 25 7 31 4 27 5 
27 7 2 1 11 3 24 5 
23 1 27 7 17 3 11 0 
2 4 20 1 8 7 15 3 
9 6 20 4 4 0 19 4 
20 1 6 4 9 3 19 1 
11 5 10 4 22 5 14 4 
23 2 13 0 21 3 10 6 
2 6 8 6 17 7 12 3 
8 7 7 4 31 3 21 4 
21 1 8 0 24 6 17 6 
29 4 29 0 23 3 7 7 
25 5 24 0 5 7 3 2 
1 4
3 1
7 0
3 2
1 5
1 3
0 5
3 1
5 3 23 3 0 2 13 1 
24 3 9 0 7 6 25 3 
27 1 13 6 21 3 5 4 
19 5 25 7 31 4 27 5 
27 7 2 1 11 3 24 5 
23 1 27 7 17 3 11 0 
2 4 20 1 8 7 15 3 
9 6 20 4 4 0 19 4 
20 1 6 4 9 3 19 1 
11 5 10 4 22 5 14 4 
23 2 13 0 21 3 10 6 
2 6 8 6 17 7 12 3 
8 7 7 4 31 3 21 4 
21 1 8 0 24 6 17 6 
29 4 29 0 23 3 7 7 
25 5 24 0 5 7 3 2 
1 4
3 1
7 0
3 2
1 5
1 3
0 5
3 1
