5
31 2 29 3 26 1 13 0 
5 3 31 6 21 7 7 3 
3 0 9 2 9 3 2 3 
24 0 15 6 1 7 18 0 
26 3 22 1 19 3 6 5 
29 6 23 0 12 4 9 6 
26 7 22 4 16 3 5 4 
20 7 4 7 6 6 17 3 
5 3 28 2 23 0 22 5 
21 2 29 5 2 2 0 3 
22 1 12 4 1 3 16 5 
7 5 7 6 4 7 18 4 
2 5 6 4 0 7 27 4 
17 2 31 6 8 1 3 1 
13 1 23 2 28 5 29 7 
3 5 6 4 14 4 11 5 
3 2
5 5
9 3
0 4
1 1
6 5
0 4
10 4
31 2 29 3 26 1 13 0 
5 3 31 6 21 7 7 3 
3 0 9 2 9 3 2 3 
24 0 15 6 1 7 18 0 
26 3 22 1 19 3 6 5 
29 6 23 0 12 4 9 6 
26 7 22 4 16 3 5 4 
20 7 4 7 6 6 17 3 
5 3 28 2 23 0 22 5 
21 2 29 5 2 2 0 3 
22 1 12 4 1 3 16 5 
7 5 7 6 4 7 18 4 
2 5 6 4 0 7 27 4 
17 2 31 6 8 1 3 1 
13 1 23 2 28 5 29 7 
3 5 6 4 14 4 11 5 
3 2
5 5
9 3
0 4
1 1
6 5
0 4
10 4
31 2 29 3 26 1 13 0 
5 3 31 6 21 7 7 3 
3 0 9 2 9 3 2 3 
24 0 15 6 1 7 18 0 
26 3 22 1 19 3 6 5 
29 6 23 0 12 4 9 6 
26 7 22 4 16 3 5 4 
20 7 4 7 6 6 17 3 
5 3 28 2 23 0 22 5 
21 2 29 5 2 2 0 3 
22 1 12 4 1 3 16 5 
7 5 7 6 4 7 18 4 
2 5 6 4 0 7 27 4 
17 2 31 6 8 1 3 1 
13 1 23 2 28 5 29 7 
3 5 6 4 14 4 11 5 
3 2
5 5
9 3
0 4
1 1
6 5
0 4
10 4
31 2 29 3 26 1 13 0 
5 3 31 6 21 7 7 3 
3 0 9 2 9 3 2 3 
24 0 15 6 1 7 18 0 
26 3 22 1 19 3 6 5 
29 6 23 0 12 4 9 6 
26 7 22 4 16 3 5 4 
20 7 4 7 6 6 17 3 
5 3 28 2 23 0 22 5 
21 2 29 5 2 2 0 3 
22 1 12 4 1 3 16 5 
7 5 7 6 4 7 18 4 
2 5 6 4 0 7 27 4 
17 2 31 6 8 1 3 1 
13 1 23 2 28 5 29 7 
3 5 6 4 14 4 11 5 
3 2
5 5
9 3
0 4
1 1
6 5
0 4
10 4
31 2 29 3 26 1 13 0 
5 3 31 6 21 7 7 3 
3 0 9 2 9 3 2 3 
24 0 15 6 1 7 18 0 
26 3 22 1 19 3 6 5 
29 6 23 0 12 4 9 6 
26 7 22 4 16 3 5 4 
20 7 4 7 6 6 17 3 
5 3 28 2 23 0 22 5 
21 2 29 5 2 2 0 3 
22 1 12 4 1 3 16 5 
7 5 7 6 4 7 18 4 
2 5 6 4 0 7 27 4 
17 2 31 6 8 1 3 1 
13 1 23 2 28 5 29 7 
3 5 6 4 14 4 11 5 
3 2
5 5
9 3
0 4
1 1
6 5
0 4
10 4
