5
2 4 6 0 24 0 17 0 
3 3 6 2 14 7 15 3 
5 7 25 4 21 5 14 4 
4 1 26 3 29 0 31 3 
12 5 4 1 7 2 31 1 
19 4 28 2 20 2 29 0 
28 6 9 1 8 2 26 5 
26 4 8 4 24 2 6 5 
22 3 6 0 10 1 29 7 
16 5 12 1 11 2 8 7 
3 3 23 2 27 7 21 4 
18 1 5 1 30 5 26 0 
7 4 23 1 23 5 6 2 
3 7 28 4 19 3 17 7 
11 7 8 3 23 1 7 7 
3 5 28 5 22 2 25 2 
3 3
2 5
2 0
3 4
0 2
0 1
2 0
4 1
2 4 6 0 24 0 17 0 
3 3 6 2 14 7 15 3 
5 7 25 4 21 5 14 4 
4 1 26 3 29 0 31 3 
12 5 4 1 7 2 31 1 
19 4 28 2 20 2 29 0 
28 6 9 1 8 2 26 5 
26 4 8 4 24 2 6 5 
22 3 6 0 10 1 29 7 
16 5 12 1 11 2 8 7 
3 3 23 2 27 7 21 4 
18 1 5 1 30 5 26 0 
7 4 23 1 23 5 6 2 
3 7 28 4 19 3 17 7 
11 7 8 3 23 1 7 7 
3 5 28 5 22 2 25 2 
3 3
2 5
2 0
3 4
0 2
0 1
2 0
4 1
2 4 6 0 24 0 17 0 
3 3 6 2 14 7 15 3 
5 7 25 4 21 5 14 4 
4 1 26 3 29 0 31 3 
12 5 4 1 7 2 31 1 
19 4 28 2 20 2 29 0 
28 6 9 1 8 2 26 5 
26 4 8 4 24 2 6 5 
22 3 6 0 10 1 29 7 
16 5 12 1 11 2 8 7 
3 3 23 2 27 7 21 4 
18 1 5 1 30 5 26 0 
7 4 23 1 23 5 6 2 
3 7 28 4 19 3 17 7 
11 7 8 3 23 1 7 7 
3 5 28 5 22 2 25 2 
3 3
2 5
2 0
3 4
0 2
0 1
2 0
4 1
2 4 6 0 24 0 17 0 
3 3 6 2 14 7 15 3 
5 7 25 4 21 5 14 4 
4 1 26 3 29 0 31 3 
12 5 4 1 7 2 31 1 
19 4 28 2 20 2 29 0 
28 6 9 1 8 2 26 5 
26 4 8 4 24 2 6 5 
22 3 6 0 10 1 29 7 
16 5 12 1 11 2 8 7 
3 3 23 2 27 7 21 4 
18 1 5 1 30 5 26 0 
7 4 23 1 23 5 6 2 
3 7 28 4 19 3 17 7 
11 7 8 3 23 1 7 7 
3 5 28 5 22 2 25 2 
3 3
2 5
2 0
3 4
0 2
0 1
2 0
4 1
2 4 6 0 24 0 17 0 
3 3 6 2 14 7 15 3 
5 7 25 4 21 5 14 4 
4 1 26 3 29 0 31 3 
12 5 4 1 7 2 31 1 
19 4 28 2 20 2 29 0 
28 6 9 1 8 2 26 5 
26 4 8 4 24 2 6 5 
22 3 6 0 10 1 29 7 
16 5 12 1 11 2 8 7 
3 3 23 2 27 7 21 4 
18 1 5 1 30 5 26 0 
7 4 23 1 23 5 6 2 
3 7 28 4 19 3 17 7 
11 7 8 3 23 1 7 7 
3 5 28 5 22 2 25 2 
3 3
2 5
2 0
3 4
0 2
0 1
2 0
4 1
