5
19 5 14 3 9 4 17 3 
27 2 6 2 29 2 4 2 
29 1 19 5 28 0 11 7 
30 6 5 5 19 6 6 4 
12 5 12 3 18 2 11 0 
14 7 26 4 16 3 27 2 
1 3 8 0 1 1 30 5 
20 7 27 3 12 4 10 4 
17 2 20 3 10 1 3 6 
28 5 30 3 9 3 2 2 
27 3 1 0 12 2 26 6 
5 6 1 4 17 3 17 4 
15 2 13 2 16 5 28 4 
7 0 29 4 24 2 18 3 
0 1 19 5 5 2 27 1 
29 0 31 7 30 1 14 6 
8 1
0 0
9 0
0 5
1 4
1 5
4 2
10 1
21 6 25 5 31 6 12 4 
28 7 0 5 7 4 10 6 
1 2 26 4 19 7 22 3 
4 5 31 7 6 1 15 2 
30 0 21 7 11 6 8 0 
13 6 25 0 6 0 26 4 
10 6 8 6 31 3 23 2 
24 5 12 4 15 3 13 5 
9 4 29 5 27 2 12 0 
20 1 0 1 1 3 12 1 
2 6 3 2 29 6 31 7 
13 6 4 4 14 7 19 3 
26 6 1 4 29 1 10 6 
2 6 8 5 23 3 7 5 
13 3 12 4 4 1 20 4 
26 6 9 6 16 6 4 5 
9 3
1 2
0 3
10 1
2 4
10 5
0 4
1 0
19 5 14 3 9 4 17 3 
27 2 6 2 29 2 4 2 
29 1 19 5 28 0 11 7 
30 6 5 5 19 6 6 4 
12 5 12 3 18 2 11 0 
14 7 26 4 16 3 27 2 
1 3 8 0 1 1 30 5 
20 7 27 3 12 4 10 4 
17 2 20 3 10 1 3 6 
28 5 30 3 9 3 2 2 
27 3 1 0 12 2 26 6 
5 6 1 4 17 3 17 4 
15 2 13 2 16 5 28 4 
7 0 29 4 24 2 18 3 
0 1 19 5 5 2 27 1 
29 0 31 7 30 1 14 6 
8 1
0 0
9 0
0 5
1 4
1 5
4 2
10 1
19 5 14 3 9 4 17 3 
27 2 6 2 29 2 4 2 
29 1 19 5 28 0 11 7 
30 6 5 5 19 6 6 4 
12 5 12 3 18 2 11 0 
14 7 26 4 16 3 27 2 
1 3 8 0 1 1 30 5 
20 7 27 3 12 4 10 4 
17 2 20 3 10 1 3 6 
28 5 30 3 9 3 2 2 
27 3 1 0 12 2 26 6 
5 6 1 4 17 3 17 4 
15 2 13 2 16 5 28 4 
7 0 29 4 24 2 18 3 
0 1 19 5 5 2 27 1 
29 0 31 7 30 1 14 6 
8 1
0 0
9 0
0 5
1 4
1 5
4 2
10 1
21 6 25 5 31 6 12 4 
28 7 0 5 7 4 10 6 
1 2 26 4 19 7 22 3 
4 5 31 7 6 1 15 2 
30 0 21 7 11 6 8 0 
13 6 25 0 6 0 26 4 
10 6 8 6 31 3 23 2 
24 5 12 4 15 3 13 5 
9 4 29 5 27 2 12 0 
20 1 0 1 1 3 12 1 
2 6 3 2 29 6 31 7 
13 6 4 4 14 7 19 3 
26 6 1 4 29 1 10 6 
2 6 8 5 23 3 7 5 
13 3 12 4 4 1 20 4 
26 6 9 6 16 6 4 5 
9 3
1 2
0 3
10 1
2 4
10 5
0 4
1 0
