5
16 3 0 0 12 7 14 2 
2 4 7 6 20 7 9 3 
16 4 16 1 12 0 1 1 
18 2 7 6 17 5 5 1 
17 0 29 5 12 0 14 5 
2 3 16 7 12 3 26 1 
4 2 11 1 31 4 20 3 
13 5 12 1 31 5 24 6 
2 3 6 3 13 3 31 2 
20 6 2 4 21 5 27 4 
2 1 12 0 20 4 7 6 
31 0 0 3 15 3 9 0 
31 4 5 1 25 7 2 6 
14 1 10 7 25 1 24 5 
9 4 18 1 28 2 27 1 
30 0 4 1 30 4 22 0 
10 5
0 3
7 4
1 0
6 5
2 5
3 5
3 4
16 3 0 0 12 7 14 2 
2 4 7 6 20 7 9 3 
16 4 16 1 12 0 1 1 
18 2 7 6 17 5 5 1 
17 0 29 5 12 0 14 5 
2 3 16 7 12 3 26 1 
4 2 11 1 31 4 20 3 
13 5 12 1 31 5 24 6 
2 3 6 3 13 3 31 2 
20 6 2 4 21 5 27 4 
2 1 12 0 20 4 7 6 
31 0 0 3 15 3 9 0 
31 4 5 1 25 7 2 6 
14 1 10 7 25 1 24 5 
9 4 18 1 28 2 27 1 
30 0 4 1 30 4 22 0 
10 5
0 3
7 4
1 0
6 5
2 5
3 5
3 4
16 3 0 0 12 7 14 2 
2 4 7 6 20 7 9 3 
16 4 16 1 12 0 1 1 
18 2 7 6 17 5 5 1 
17 0 29 5 12 0 14 5 
2 3 16 7 12 3 26 1 
4 2 11 1 31 4 20 3 
13 5 12 1 31 5 24 6 
2 3 6 3 13 3 31 2 
20 6 2 4 21 5 27 4 
2 1 12 0 20 4 7 6 
31 0 0 3 15 3 9 0 
31 4 5 1 25 7 2 6 
14 1 10 7 25 1 24 5 
9 4 18 1 28 2 27 1 
30 0 4 1 30 4 22 0 
10 5
0 3
7 4
1 0
6 5
2 5
3 5
3 4
16 3 0 0 12 7 14 2 
2 4 7 6 20 7 9 3 
16 4 16 1 12 0 1 1 
18 2 7 6 17 5 5 1 
17 0 29 5 12 0 14 5 
2 3 16 7 12 3 26 1 
4 2 11 1 31 4 20 3 
13 5 12 1 31 5 24 6 
2 3 6 3 13 3 31 2 
20 6 2 4 21 5 27 4 
2 1 12 0 20 4 7 6 
31 0 0 3 15 3 9 0 
31 4 5 1 25 7 2 6 
14 1 10 7 25 1 24 5 
9 4 18 1 28 2 27 1 
30 0 4 1 30 4 22 0 
10 5
0 3
7 4
1 0
6 5
2 5
3 5
3 4
16 3 0 0 12 7 14 2 
2 4 7 6 20 7 9 3 
16 4 16 1 12 0 1 1 
18 2 7 6 17 5 5 1 
17 0 29 5 12 0 14 5 
2 3 16 7 12 3 26 1 
4 2 11 1 31 4 20 3 
13 5 12 1 31 5 24 6 
2 3 6 3 13 3 31 2 
20 6 2 4 21 5 27 4 
2 1 12 0 20 4 7 6 
31 0 0 3 15 3 9 0 
31 4 5 1 25 7 2 6 
14 1 10 7 25 1 24 5 
9 4 18 1 28 2 27 1 
30 0 4 1 30 4 22 0 
10 5
0 3
7 4
1 0
6 5
2 5
3 5
3 4
