5
16 0 4 4 22 5 27 7 
20 3 11 5 25 5 20 6 
20 1 13 0 12 5 24 2 
2 2 24 1 3 6 0 5 
16 6 13 0 31 7 9 4 
14 1 12 1 20 0 0 4 
21 6 14 0 10 1 31 6 
2 6 7 5 6 0 18 1 
5 0 13 0 7 4 21 1 
14 0 22 1 23 6 0 6 
12 4 24 2 8 5 19 6 
24 2 16 6 18 4 22 2 
29 3 12 2 20 1 27 0 
29 1 8 5 7 4 19 6 
24 3 12 7 17 3 24 0 
0 0 7 1 6 2 14 5 
10 4
6 1
0 4
0 1
7 5
2 3
7 0
5 5
16 0 4 4 22 5 27 7 
20 3 11 5 25 5 20 6 
20 1 13 0 12 5 24 2 
2 2 24 1 3 6 0 5 
16 6 13 0 31 7 9 4 
14 1 12 1 20 0 0 4 
21 6 14 0 10 1 31 6 
2 6 7 5 6 0 18 1 
5 0 13 0 7 4 21 1 
14 0 22 1 23 6 0 6 
12 4 24 2 8 5 19 6 
24 2 16 6 18 4 22 2 
29 3 12 2 20 1 27 0 
29 1 8 5 7 4 19 6 
24 3 12 7 17 3 24 0 
0 0 7 1 6 2 14 5 
10 4
6 1
0 4
0 1
7 5
2 3
7 0
5 5
16 0 4 4 22 5 27 7 
20 3 11 5 25 5 20 6 
20 1 13 0 12 5 24 2 
2 2 24 1 3 6 0 5 
16 6 13 0 31 7 9 4 
14 1 12 1 20 0 0 4 
21 6 14 0 10 1 31 6 
2 6 7 5 6 0 18 1 
5 0 13 0 7 4 21 1 
14 0 22 1 23 6 0 6 
12 4 24 2 8 5 19 6 
24 2 16 6 18 4 22 2 
29 3 12 2 20 1 27 0 
29 1 8 5 7 4 19 6 
24 3 12 7 17 3 24 0 
0 0 7 1 6 2 14 5 
10 4
6 1
0 4
0 1
7 5
2 3
7 0
5 5
16 0 4 4 22 5 27 7 
20 3 11 5 25 5 20 6 
20 1 13 0 12 5 24 2 
2 2 24 1 3 6 0 5 
16 6 13 0 31 7 9 4 
14 1 12 1 20 0 0 4 
21 6 14 0 10 1 31 6 
2 6 7 5 6 0 18 1 
5 0 13 0 7 4 21 1 
14 0 22 1 23 6 0 6 
12 4 24 2 8 5 19 6 
24 2 16 6 18 4 22 2 
29 3 12 2 20 1 27 0 
29 1 8 5 7 4 19 6 
24 3 12 7 17 3 24 0 
0 0 7 1 6 2 14 5 
10 4
6 1
0 4
0 1
7 5
2 3
7 0
5 5
16 0 4 4 22 5 27 7 
20 3 11 5 25 5 20 6 
20 1 13 0 12 5 24 2 
2 2 24 1 3 6 0 5 
16 6 13 0 31 7 9 4 
14 1 12 1 20 0 0 4 
21 6 14 0 10 1 31 6 
2 6 7 5 6 0 18 1 
5 0 13 0 7 4 21 1 
14 0 22 1 23 6 0 6 
12 4 24 2 8 5 19 6 
24 2 16 6 18 4 22 2 
29 3 12 2 20 1 27 0 
29 1 8 5 7 4 19 6 
24 3 12 7 17 3 24 0 
0 0 7 1 6 2 14 5 
10 4
6 1
0 4
0 1
7 5
2 3
7 0
5 5
