5
6 1 28 6 0 2 12 2 
6 2 18 5 24 4 30 7 
6 0 21 3 14 3 15 3 
2 1 6 3 2 7 1 6 
5 3 29 1 25 5 19 2 
3 2 21 3 14 2 12 1 
16 2 23 1 18 3 0 1 
23 7 2 7 6 5 1 5 
6 7 14 2 1 5 9 5 
31 2 21 7 29 1 0 4 
11 0 25 2 7 1 8 3 
20 6 5 2 29 2 28 7 
11 1 18 0 21 2 30 0 
3 5 29 4 25 2 17 1 
16 5 1 6 11 7 25 0 
24 5 31 4 14 2 28 6 
5 5
1 3
5 5
7 2
2 3
0 0
9 1
1 1
6 1 28 6 0 2 12 2 
6 2 18 5 24 4 30 7 
6 0 21 3 14 3 15 3 
2 1 6 3 2 7 1 6 
5 3 29 1 25 5 19 2 
3 2 21 3 14 2 12 1 
16 2 23 1 18 3 0 1 
23 7 2 7 6 5 1 5 
6 7 14 2 1 5 9 5 
31 2 21 7 29 1 0 4 
11 0 25 2 7 1 8 3 
20 6 5 2 29 2 28 7 
11 1 18 0 21 2 30 0 
3 5 29 4 25 2 17 1 
16 5 1 6 11 7 25 0 
24 5 31 4 14 2 28 6 
5 5
1 3
5 5
7 2
2 3
0 0
9 1
1 1
6 1 28 6 0 2 12 2 
6 2 18 5 24 4 30 7 
6 0 21 3 14 3 15 3 
2 1 6 3 2 7 1 6 
5 3 29 1 25 5 19 2 
3 2 21 3 14 2 12 1 
16 2 23 1 18 3 0 1 
23 7 2 7 6 5 1 5 
6 7 14 2 1 5 9 5 
31 2 21 7 29 1 0 4 
11 0 25 2 7 1 8 3 
20 6 5 2 29 2 28 7 
11 1 18 0 21 2 30 0 
3 5 29 4 25 2 17 1 
16 5 1 6 11 7 25 0 
24 5 31 4 14 2 28 6 
5 5
1 3
5 5
7 2
2 3
0 0
9 1
1 1
6 1 28 6 0 2 12 2 
6 2 18 5 24 4 30 7 
6 0 21 3 14 3 15 3 
2 1 6 3 2 7 1 6 
5 3 29 1 25 5 19 2 
3 2 21 3 14 2 12 1 
16 2 23 1 18 3 0 1 
23 7 2 7 6 5 1 5 
6 7 14 2 1 5 9 5 
31 2 21 7 29 1 0 4 
11 0 25 2 7 1 8 3 
20 6 5 2 29 2 28 7 
11 1 18 0 21 2 30 0 
3 5 29 4 25 2 17 1 
16 5 1 6 11 7 25 0 
24 5 31 4 14 2 28 6 
5 5
1 3
5 5
7 2
2 3
0 0
9 1
1 1
6 1 28 6 0 2 12 2 
6 2 18 5 24 4 30 7 
6 0 21 3 14 3 15 3 
2 1 6 3 2 7 1 6 
5 3 29 1 25 5 19 2 
3 2 21 3 14 2 12 1 
16 2 23 1 18 3 0 1 
23 7 2 7 6 5 1 5 
6 7 14 2 1 5 9 5 
31 2 21 7 29 1 0 4 
11 0 25 2 7 1 8 3 
20 6 5 2 29 2 28 7 
11 1 18 0 21 2 30 0 
3 5 29 4 25 2 17 1 
16 5 1 6 11 7 25 0 
24 5 31 4 14 2 28 6 
5 5
1 3
5 5
7 2
2 3
0 0
9 1
1 1
