5
26 0 6 6 29 3 21 6 
27 6 23 1 26 3 29 4 
5 4 28 1 1 5 0 1 
26 2 8 4 21 7 22 3 
5 2 30 7 30 0 12 7 
5 2 5 4 12 3 21 5 
14 2 10 7 20 7 25 0 
22 7 6 7 15 0 24 7 
20 5 0 4 12 4 18 0 
29 6 6 2 3 6 3 1 
28 5 21 2 26 4 12 6 
10 2 16 7 2 0 23 1 
28 7 14 5 7 3 13 1 
8 4 14 5 6 7 27 0 
22 0 9 2 31 6 28 1 
24 0 28 7 22 5 19 5 
9 2
10 3
1 0
8 2
4 1
9 0
10 4
6 5
26 0 6 6 29 3 21 6 
27 6 23 1 26 3 29 4 
5 4 28 1 1 5 0 1 
26 2 8 4 21 7 22 3 
5 2 30 7 30 0 12 7 
5 2 5 4 12 3 21 5 
14 2 10 7 20 7 25 0 
22 7 6 7 15 0 24 7 
20 5 0 4 12 4 18 0 
29 6 6 2 3 6 3 1 
28 5 21 2 26 4 12 6 
10 2 16 7 2 0 23 1 
28 7 14 5 7 3 13 1 
8 4 14 5 6 7 27 0 
22 0 9 2 31 6 28 1 
24 0 28 7 22 5 19 5 
9 2
10 3
1 0
8 2
4 1
9 0
10 4
6 5
26 0 6 6 29 3 21 6 
27 6 23 1 26 3 29 4 
5 4 28 1 1 5 0 1 
26 2 8 4 21 7 22 3 
5 2 30 7 30 0 12 7 
5 2 5 4 12 3 21 5 
14 2 10 7 20 7 25 0 
22 7 6 7 15 0 24 7 
20 5 0 4 12 4 18 0 
29 6 6 2 3 6 3 1 
28 5 21 2 26 4 12 6 
10 2 16 7 2 0 23 1 
28 7 14 5 7 3 13 1 
8 4 14 5 6 7 27 0 
22 0 9 2 31 6 28 1 
24 0 28 7 22 5 19 5 
9 2
10 3
1 0
8 2
4 1
9 0
10 4
6 5
26 0 6 6 29 3 21 6 
27 6 23 1 26 3 29 4 
5 4 28 1 1 5 0 1 
26 2 8 4 21 7 22 3 
5 2 30 7 30 0 12 7 
5 2 5 4 12 3 21 5 
14 2 10 7 20 7 25 0 
22 7 6 7 15 0 24 7 
20 5 0 4 12 4 18 0 
29 6 6 2 3 6 3 1 
28 5 21 2 26 4 12 6 
10 2 16 7 2 0 23 1 
28 7 14 5 7 3 13 1 
8 4 14 5 6 7 27 0 
22 0 9 2 31 6 28 1 
24 0 28 7 22 5 19 5 
9 2
10 3
1 0
8 2
4 1
9 0
10 4
6 5
26 0 6 6 29 3 21 6 
27 6 23 1 26 3 29 4 
5 4 28 1 1 5 0 1 
26 2 8 4 21 7 22 3 
5 2 30 7 30 0 12 7 
5 2 5 4 12 3 21 5 
14 2 10 7 20 7 25 0 
22 7 6 7 15 0 24 7 
20 5 0 4 12 4 18 0 
29 6 6 2 3 6 3 1 
28 5 21 2 26 4 12 6 
10 2 16 7 2 0 23 1 
28 7 14 5 7 3 13 1 
8 4 14 5 6 7 27 0 
22 0 9 2 31 6 28 1 
24 0 28 7 22 5 19 5 
9 2
10 3
1 0
8 2
4 1
9 0
10 4
6 5
