5
9 5 22 1 16 7 26 2 
30 2 23 2 21 6 25 0 
27 1 4 4 11 1 7 4 
18 1 3 6 24 7 20 2 
12 4 4 0 24 0 15 4 
21 1 7 3 2 0 20 0 
20 7 0 3 15 4 8 2 
29 5 0 2 0 1 21 6 
21 3 20 2 6 3 4 5 
26 5 9 4 7 4 21 0 
19 1 16 5 5 3 31 0 
10 6 5 3 23 3 16 2 
3 5 4 2 23 0 17 3 
28 4 4 0 2 0 19 5 
10 7 3 7 21 1 6 0 
29 7 29 1 5 4 18 3 
9 0
9 0
5 5
8 1
0 1
10 3
7 5
1 5
9 5 22 1 16 7 26 2 
30 2 23 2 21 6 25 0 
27 1 4 4 11 1 7 4 
18 1 3 6 24 7 20 2 
12 4 4 0 24 0 15 4 
21 1 7 3 2 0 20 0 
20 7 0 3 15 4 8 2 
29 5 0 2 0 1 21 6 
21 3 20 2 6 3 4 5 
26 5 9 4 7 4 21 0 
19 1 16 5 5 3 31 0 
10 6 5 3 23 3 16 2 
3 5 4 2 23 0 17 3 
28 4 4 0 2 0 19 5 
10 7 3 7 21 1 6 0 
29 7 29 1 5 4 18 3 
9 0
9 0
5 5
8 1
0 1
10 3
7 5
1 5
9 5 22 1 16 7 26 2 
30 2 23 2 21 6 25 0 
27 1 4 4 11 1 7 4 
18 1 3 6 24 7 20 2 
12 4 4 0 24 0 15 4 
21 1 7 3 2 0 20 0 
20 7 0 3 15 4 8 2 
29 5 0 2 0 1 21 6 
21 3 20 2 6 3 4 5 
26 5 9 4 7 4 21 0 
19 1 16 5 5 3 31 0 
10 6 5 3 23 3 16 2 
3 5 4 2 23 0 17 3 
28 4 4 0 2 0 19 5 
10 7 3 7 21 1 6 0 
29 7 29 1 5 4 18 3 
9 0
9 0
5 5
8 1
0 1
10 3
7 5
1 5
9 5 22 1 16 7 26 2 
30 2 23 2 21 6 25 0 
27 1 4 4 11 1 7 4 
18 1 3 6 24 7 20 2 
12 4 4 0 24 0 15 4 
21 1 7 3 2 0 20 0 
20 7 0 3 15 4 8 2 
29 5 0 2 0 1 21 6 
21 3 20 2 6 3 4 5 
26 5 9 4 7 4 21 0 
19 1 16 5 5 3 31 0 
10 6 5 3 23 3 16 2 
3 5 4 2 23 0 17 3 
28 4 4 0 2 0 19 5 
10 7 3 7 21 1 6 0 
29 7 29 1 5 4 18 3 
9 0
9 0
5 5
8 1
0 1
10 3
7 5
1 5
9 5 22 1 16 7 26 2 
30 2 23 2 21 6 25 0 
27 1 4 4 11 1 7 4 
18 1 3 6 24 7 20 2 
12 4 4 0 24 0 15 4 
21 1 7 3 2 0 20 0 
20 7 0 3 15 4 8 2 
29 5 0 2 0 1 21 6 
21 3 20 2 6 3 4 5 
26 5 9 4 7 4 21 0 
19 1 16 5 5 3 31 0 
10 6 5 3 23 3 16 2 
3 5 4 2 23 0 17 3 
28 4 4 0 2 0 19 5 
10 7 3 7 21 1 6 0 
29 7 29 1 5 4 18 3 
9 0
9 0
5 5
8 1
0 1
10 3
7 5
1 5
