5
11 5 14 7 15 1 0 5 
20 2 10 2 23 0 26 3 
9 3 19 7 5 7 11 5 
2 3 15 4 17 7 17 5 
20 6 15 3 0 1 25 3 
8 2 16 6 19 0 10 3 
31 0 15 4 11 1 11 2 
9 7 20 0 14 0 15 5 
0 5 31 6 12 3 30 2 
20 7 25 4 11 4 23 0 
20 5 28 4 1 1 5 2 
29 2 12 3 1 2 28 5 
15 7 25 6 4 3 14 4 
5 7 3 3 28 2 0 0 
16 5 18 4 24 3 28 4 
6 4 5 3 30 1 1 2 
8 1
3 1
0 1
5 5
1 4
5 1
9 2
2 5
11 5 14 7 15 1 0 5 
20 2 10 2 23 0 26 3 
9 3 19 7 5 7 11 5 
2 3 15 4 17 7 17 5 
20 6 15 3 0 1 25 3 
8 2 16 6 19 0 10 3 
31 0 15 4 11 1 11 2 
9 7 20 0 14 0 15 5 
0 5 31 6 12 3 30 2 
20 7 25 4 11 4 23 0 
20 5 28 4 1 1 5 2 
29 2 12 3 1 2 28 5 
15 7 25 6 4 3 14 4 
5 7 3 3 28 2 0 0 
16 5 18 4 24 3 28 4 
6 4 5 3 30 1 1 2 
8 1
3 1
0 1
5 5
1 4
5 1
9 2
2 5
11 5 14 7 15 1 0 5 
20 2 10 2 23 0 26 3 
9 3 19 7 5 7 11 5 
2 3 15 4 17 7 17 5 
20 6 15 3 0 1 25 3 
8 2 16 6 19 0 10 3 
31 0 15 4 11 1 11 2 
9 7 20 0 14 0 15 5 
0 5 31 6 12 3 30 2 
20 7 25 4 11 4 23 0 
20 5 28 4 1 1 5 2 
29 2 12 3 1 2 28 5 
15 7 25 6 4 3 14 4 
5 7 3 3 28 2 0 0 
16 5 18 4 24 3 28 4 
6 4 5 3 30 1 1 2 
8 1
3 1
0 1
5 5
1 4
5 1
9 2
2 5
11 5 14 7 15 1 0 5 
20 2 10 2 23 0 26 3 
9 3 19 7 5 7 11 5 
2 3 15 4 17 7 17 5 
20 6 15 3 0 1 25 3 
8 2 16 6 19 0 10 3 
31 0 15 4 11 1 11 2 
9 7 20 0 14 0 15 5 
0 5 31 6 12 3 30 2 
20 7 25 4 11 4 23 0 
20 5 28 4 1 1 5 2 
29 2 12 3 1 2 28 5 
15 7 25 6 4 3 14 4 
5 7 3 3 28 2 0 0 
16 5 18 4 24 3 28 4 
6 4 5 3 30 1 1 2 
8 1
3 1
0 1
5 5
1 4
5 1
9 2
2 5
11 5 14 7 15 1 0 5 
20 2 10 2 23 0 26 3 
9 3 19 7 5 7 11 5 
2 3 15 4 17 7 17 5 
20 6 15 3 0 1 25 3 
8 2 16 6 19 0 10 3 
31 0 15 4 11 1 11 2 
9 7 20 0 14 0 15 5 
0 5 31 6 12 3 30 2 
20 7 25 4 11 4 23 0 
20 5 28 4 1 1 5 2 
29 2 12 3 1 2 28 5 
15 7 25 6 4 3 14 4 
5 7 3 3 28 2 0 0 
16 5 18 4 24 3 28 4 
6 4 5 3 30 1 1 2 
8 1
3 1
0 1
5 5
1 4
5 1
9 2
2 5
