5
16 4 10 1 29 4 10 3 
11 5 17 0 13 5 20 6 
22 3 28 4 25 6 15 2 
30 3 25 0 10 0 14 7 
5 5 16 6 17 6 10 5 
26 7 27 7 11 1 19 7 
0 3 16 4 16 5 0 1 
12 2 10 5 23 6 12 6 
28 0 11 6 28 3 21 6 
29 2 0 6 9 5 11 7 
8 6 8 4 10 1 20 5 
13 6 0 6 8 6 1 1 
1 0 2 4 18 1 29 5 
30 6 16 7 8 2 13 3 
6 0 15 4 19 0 23 0 
2 4 28 2 6 7 22 3 
8 4
3 5
3 3
0 0
2 3
1 2
1 4
7 4
16 4 10 1 29 4 10 3 
11 5 17 0 13 5 20 6 
22 3 28 4 25 6 15 2 
30 3 25 0 10 0 14 7 
5 5 16 6 17 6 10 5 
26 7 27 7 11 1 19 7 
0 3 16 4 16 5 0 1 
12 2 10 5 23 6 12 6 
28 0 11 6 28 3 21 6 
29 2 0 6 9 5 11 7 
8 6 8 4 10 1 20 5 
13 6 0 6 8 6 1 1 
1 0 2 4 18 1 29 5 
30 6 16 7 8 2 13 3 
6 0 15 4 19 0 23 0 
2 4 28 2 6 7 22 3 
8 4
3 5
3 3
0 0
2 3
1 2
1 4
7 4
16 4 10 1 29 4 10 3 
11 5 17 0 13 5 20 6 
22 3 28 4 25 6 15 2 
30 3 25 0 10 0 14 7 
5 5 16 6 17 6 10 5 
26 7 27 7 11 1 19 7 
0 3 16 4 16 5 0 1 
12 2 10 5 23 6 12 6 
28 0 11 6 28 3 21 6 
29 2 0 6 9 5 11 7 
8 6 8 4 10 1 20 5 
13 6 0 6 8 6 1 1 
1 0 2 4 18 1 29 5 
30 6 16 7 8 2 13 3 
6 0 15 4 19 0 23 0 
2 4 28 2 6 7 22 3 
8 4
3 5
3 3
0 0
2 3
1 2
1 4
7 4
16 4 10 1 29 4 10 3 
11 5 17 0 13 5 20 6 
22 3 28 4 25 6 15 2 
30 3 25 0 10 0 14 7 
5 5 16 6 17 6 10 5 
26 7 27 7 11 1 19 7 
0 3 16 4 16 5 0 1 
12 2 10 5 23 6 12 6 
28 0 11 6 28 3 21 6 
29 2 0 6 9 5 11 7 
8 6 8 4 10 1 20 5 
13 6 0 6 8 6 1 1 
1 0 2 4 18 1 29 5 
30 6 16 7 8 2 13 3 
6 0 15 4 19 0 23 0 
2 4 28 2 6 7 22 3 
8 4
3 5
3 3
0 0
2 3
1 2
1 4
7 4
16 4 10 1 29 4 10 3 
11 5 17 0 13 5 20 6 
22 3 28 4 25 6 15 2 
30 3 25 0 10 0 14 7 
5 5 16 6 17 6 10 5 
26 7 27 7 11 1 19 7 
0 3 16 4 16 5 0 1 
12 2 10 5 23 6 12 6 
28 0 11 6 28 3 21 6 
29 2 0 6 9 5 11 7 
8 6 8 4 10 1 20 5 
13 6 0 6 8 6 1 1 
1 0 2 4 18 1 29 5 
30 6 16 7 8 2 13 3 
6 0 15 4 19 0 23 0 
2 4 28 2 6 7 22 3 
8 4
3 5
3 3
0 0
2 3
1 2
1 4
7 4
