5
13 7 17 4 3 2 21 2 
31 7 14 6 27 5 0 3 
4 0 25 1 3 7 5 0 
18 5 3 4 13 3 11 0 
11 7 28 6 13 7 17 5 
0 1 7 1 18 5 5 2 
17 4 31 0 15 5 0 0 
15 3 19 7 26 1 22 4 
22 2 16 5 23 0 5 6 
11 4 28 7 24 7 18 1 
3 0 27 4 6 5 15 6 
28 1 20 4 30 5 9 7 
25 4 12 3 27 2 28 5 
3 7 5 4 20 1 20 6 
19 2 8 4 13 2 31 1 
29 6 0 6 29 3 29 4 
3 4
6 4
5 4
7 5
0 3
7 1
5 2
2 5
13 7 17 4 3 2 21 2 
31 7 14 6 27 5 0 3 
4 0 25 1 3 7 5 0 
18 5 3 4 13 3 11 0 
11 7 28 6 13 7 17 5 
0 1 7 1 18 5 5 2 
17 4 31 0 15 5 0 0 
15 3 19 7 26 1 22 4 
22 2 16 5 23 0 5 6 
11 4 28 7 24 7 18 1 
3 0 27 4 6 5 15 6 
28 1 20 4 30 5 9 7 
25 4 12 3 27 2 28 5 
3 7 5 4 20 1 20 6 
19 2 8 4 13 2 31 1 
29 6 0 6 29 3 29 4 
3 4
6 4
5 4
7 5
0 3
7 1
5 2
2 5
13 7 17 4 3 2 21 2 
31 7 14 6 27 5 0 3 
4 0 25 1 3 7 5 0 
18 5 3 4 13 3 11 0 
11 7 28 6 13 7 17 5 
0 1 7 1 18 5 5 2 
17 4 31 0 15 5 0 0 
15 3 19 7 26 1 22 4 
22 2 16 5 23 0 5 6 
11 4 28 7 24 7 18 1 
3 0 27 4 6 5 15 6 
28 1 20 4 30 5 9 7 
25 4 12 3 27 2 28 5 
3 7 5 4 20 1 20 6 
19 2 8 4 13 2 31 1 
29 6 0 6 29 3 29 4 
3 4
6 4
5 4
7 5
0 3
7 1
5 2
2 5
13 7 17 4 3 2 21 2 
31 7 14 6 27 5 0 3 
4 0 25 1 3 7 5 0 
18 5 3 4 13 3 11 0 
11 7 28 6 13 7 17 5 
0 1 7 1 18 5 5 2 
17 4 31 0 15 5 0 0 
15 3 19 7 26 1 22 4 
22 2 16 5 23 0 5 6 
11 4 28 7 24 7 18 1 
3 0 27 4 6 5 15 6 
28 1 20 4 30 5 9 7 
25 4 12 3 27 2 28 5 
3 7 5 4 20 1 20 6 
19 2 8 4 13 2 31 1 
29 6 0 6 29 3 29 4 
3 4
6 4
5 4
7 5
0 3
7 1
5 2
2 5
13 7 17 4 3 2 21 2 
31 7 14 6 27 5 0 3 
4 0 25 1 3 7 5 0 
18 5 3 4 13 3 11 0 
11 7 28 6 13 7 17 5 
0 1 7 1 18 5 5 2 
17 4 31 0 15 5 0 0 
15 3 19 7 26 1 22 4 
22 2 16 5 23 0 5 6 
11 4 28 7 24 7 18 1 
3 0 27 4 6 5 15 6 
28 1 20 4 30 5 9 7 
25 4 12 3 27 2 28 5 
3 7 5 4 20 1 20 6 
19 2 8 4 13 2 31 1 
29 6 0 6 29 3 29 4 
3 4
6 4
5 4
7 5
0 3
7 1
5 2
2 5
