5
10 0 31 6 22 0 11 0 
14 6 6 7 13 3 1 2 
18 4 27 1 25 6 23 3 
4 6 9 6 25 6 18 4 
3 4 22 1 9 3 31 1 
9 3 17 7 0 5 19 6 
5 4 13 1 22 4 17 0 
7 2 0 3 29 3 16 2 
0 1 17 3 1 1 21 4 
0 4 22 2 15 5 8 1 
22 3 14 7 14 3 16 0 
26 7 29 4 2 1 30 6 
24 0 12 1 24 6 28 4 
27 6 27 6 31 6 31 3 
10 4 20 4 0 0 15 1 
28 0 11 5 22 7 6 7 
8 5
4 4
8 3
10 3
0 3
6 4
9 1
2 4
10 0 31 6 22 0 11 0 
14 6 6 7 13 3 1 2 
18 4 27 1 25 6 23 3 
4 6 9 6 25 6 18 4 
3 4 22 1 9 3 31 1 
9 3 17 7 0 5 19 6 
5 4 13 1 22 4 17 0 
7 2 0 3 29 3 16 2 
0 1 17 3 1 1 21 4 
0 4 22 2 15 5 8 1 
22 3 14 7 14 3 16 0 
26 7 29 4 2 1 30 6 
24 0 12 1 24 6 28 4 
27 6 27 6 31 6 31 3 
10 4 20 4 0 0 15 1 
28 0 11 5 22 7 6 7 
8 5
4 4
8 3
10 3
0 3
6 4
9 1
2 4
10 0 31 6 22 0 11 0 
14 6 6 7 13 3 1 2 
18 4 27 1 25 6 23 3 
4 6 9 6 25 6 18 4 
3 4 22 1 9 3 31 1 
9 3 17 7 0 5 19 6 
5 4 13 1 22 4 17 0 
7 2 0 3 29 3 16 2 
0 1 17 3 1 1 21 4 
0 4 22 2 15 5 8 1 
22 3 14 7 14 3 16 0 
26 7 29 4 2 1 30 6 
24 0 12 1 24 6 28 4 
27 6 27 6 31 6 31 3 
10 4 20 4 0 0 15 1 
28 0 11 5 22 7 6 7 
8 5
4 4
8 3
10 3
0 3
6 4
9 1
2 4
10 0 31 6 22 0 11 0 
14 6 6 7 13 3 1 2 
18 4 27 1 25 6 23 3 
4 6 9 6 25 6 18 4 
3 4 22 1 9 3 31 1 
9 3 17 7 0 5 19 6 
5 4 13 1 22 4 17 0 
7 2 0 3 29 3 16 2 
0 1 17 3 1 1 21 4 
0 4 22 2 15 5 8 1 
22 3 14 7 14 3 16 0 
26 7 29 4 2 1 30 6 
24 0 12 1 24 6 28 4 
27 6 27 6 31 6 31 3 
10 4 20 4 0 0 15 1 
28 0 11 5 22 7 6 7 
8 5
4 4
8 3
10 3
0 3
6 4
9 1
2 4
10 0 31 6 22 0 11 0 
14 6 6 7 13 3 1 2 
18 4 27 1 25 6 23 3 
4 6 9 6 25 6 18 4 
3 4 22 1 9 3 31 1 
9 3 17 7 0 5 19 6 
5 4 13 1 22 4 17 0 
7 2 0 3 29 3 16 2 
0 1 17 3 1 1 21 4 
0 4 22 2 15 5 8 1 
22 3 14 7 14 3 16 0 
26 7 29 4 2 1 30 6 
24 0 12 1 24 6 28 4 
27 6 27 6 31 6 31 3 
10 4 20 4 0 0 15 1 
28 0 11 5 22 7 6 7 
8 5
4 4
8 3
10 3
0 3
6 4
9 1
2 4
