5
31 5 10 5 10 3 16 7 
0 6 26 3 25 4 28 7 
13 5 25 6 30 3 11 5 
31 7 24 7 9 6 8 2 
16 5 2 7 8 7 3 5 
28 2 1 0 3 6 10 1 
6 1 26 2 3 5 13 1 
1 0 24 4 20 6 28 3 
29 4 16 2 16 7 20 3 
0 5 1 3 8 6 11 3 
4 7 7 1 14 4 25 0 
17 5 27 3 12 4 23 7 
29 5 23 5 14 2 6 2 
16 7 18 3 12 1 0 6 
12 0 25 5 15 0 12 1 
13 5 0 3 27 3 25 3 
5 1
8 0
3 4
7 0
8 4
0 1
4 5
0 0
21 4 31 5 20 1 8 1 
27 3 16 0 6 0 1 0 
31 1 7 2 13 4 4 6 
9 0 3 1 8 6 2 2 
17 4 4 6 22 1 4 7 
23 2 31 6 19 0 29 2 
23 3 11 5 12 5 30 2 
29 1 29 7 1 3 11 4 
4 2 21 3 26 2 0 0 
5 2 21 5 18 4 15 2 
2 1 20 2 6 0 11 5 
31 3 5 2 16 5 10 0 
14 5 4 4 18 5 29 1 
17 7 9 3 26 0 31 6 
3 4 15 4 26 4 24 0 
2 5 4 0 6 2 10 5 
1 2
6 4
6 2
8 0
10 3
6 4
0 1
0 5
17 7 0 0 20 0 12 4 
14 4 17 4 2 1 18 3 
1 7 27 6 16 3 4 2 
0 6 23 1 27 6 31 5 
22 5 28 5 3 5 9 3 
27 5 9 5 14 5 25 4 
25 6 9 0 9 4 27 6 
1 3 1 1 1 7 14 0 
18 4 27 0 23 0 10 5 
6 1 5 3 31 7 3 1 
17 4 29 0 31 7 6 1 
17 7 11 4 20 0 20 0 
22 1 3 0 13 0 21 0 
27 1 20 7 21 4 29 3 
30 1 17 6 6 0 8 2 
2 5 13 0 1 5 22 3 
1 3
6 0
6 4
9 0
7 5
6 5
5 0
5 2
17 7 0 0 20 0 12 4 
14 4 17 4 2 1 18 3 
1 7 27 6 16 3 4 2 
0 6 23 1 27 6 31 5 
22 5 28 5 3 5 9 3 
27 5 9 5 14 5 25 4 
25 6 9 0 9 4 27 6 
1 3 1 1 1 7 14 0 
18 4 27 0 23 0 10 5 
6 1 5 3 31 7 3 1 
17 4 29 0 31 7 6 1 
17 7 11 4 20 0 20 0 
22 1 3 0 13 0 21 0 
27 1 20 7 21 4 29 3 
30 1 17 6 6 0 8 2 
2 5 13 0 1 5 22 3 
1 3
6 0
6 4
9 0
7 5
6 5
5 0
5 2
17 7 0 0 20 0 12 4 
14 4 17 4 2 1 18 3 
1 7 27 6 16 3 4 2 
0 6 23 1 27 6 31 5 
22 5 28 5 3 5 9 3 
27 5 9 5 14 5 25 4 
25 6 9 0 9 4 27 6 
1 3 1 1 1 7 14 0 
18 4 27 0 23 0 10 5 
6 1 5 3 31 7 3 1 
17 4 29 0 31 7 6 1 
17 7 11 4 20 0 20 0 
22 1 3 0 13 0 21 0 
27 1 20 7 21 4 29 3 
30 1 17 6 6 0 8 2 
2 5 13 0 1 5 22 3 
1 3
6 0
6 4
9 0
7 5
6 5
5 0
5 2
