5
16 4 16 4 25 4 15 2 
3 1 4 5 28 2 20 6 
28 0 7 1 14 3 6 4 
8 6 17 2 14 2 22 6 
23 6 5 3 31 2 31 2 
2 3 0 5 27 3 8 6 
15 1 29 0 20 7 14 4 
15 4 24 0 15 1 7 5 
10 7 5 1 11 4 27 5 
18 3 9 7 15 6 20 1 
26 3 6 4 13 6 15 3 
20 3 10 1 17 1 26 1 
27 7 17 6 26 3 16 5 
9 5 17 4 26 7 1 3 
10 3 8 6 26 2 25 5 
28 6 2 1 11 6 21 5 
3 4
0 0
5 2
2 2
0 5
1 2
1 5
5 1
16 4 16 4 25 4 15 2 
3 1 4 5 28 2 20 6 
28 0 7 1 14 3 6 4 
8 6 17 2 14 2 22 6 
23 6 5 3 31 2 31 2 
2 3 0 5 27 3 8 6 
15 1 29 0 20 7 14 4 
15 4 24 0 15 1 7 5 
10 7 5 1 11 4 27 5 
18 3 9 7 15 6 20 1 
26 3 6 4 13 6 15 3 
20 3 10 1 17 1 26 1 
27 7 17 6 26 3 16 5 
9 5 17 4 26 7 1 3 
10 3 8 6 26 2 25 5 
28 6 2 1 11 6 21 5 
3 4
0 0
5 2
2 2
0 5
1 2
1 5
5 1
22 7 9 3 11 0 24 2 
4 5 7 7 6 0 24 4 
27 4 2 1 9 5 3 5 
6 3 11 0 0 2 6 3 
26 1 7 1 29 7 27 3 
15 3 1 5 4 0 17 2 
14 2 26 6 2 6 15 5 
27 5 23 4 20 3 0 7 
28 5 31 2 11 4 20 1 
18 2 13 1 11 4 15 2 
23 7 24 7 5 1 23 5 
15 4 13 6 18 0 16 3 
20 7 22 4 6 7 19 4 
9 5 14 3 18 5 18 4 
13 2 16 4 23 0 7 0 
22 4 17 3 31 1 7 2 
8 0
1 2
0 5
3 2
2 2
2 1
4 3
5 2
16 4 16 4 25 4 15 2 
3 1 4 5 28 2 20 6 
28 0 7 1 14 3 6 4 
8 6 17 2 14 2 22 6 
23 6 5 3 31 2 31 2 
2 3 0 5 27 3 8 6 
15 1 29 0 20 7 14 4 
15 4 24 0 15 1 7 5 
10 7 5 1 11 4 27 5 
18 3 9 7 15 6 20 1 
26 3 6 4 13 6 15 3 
20 3 10 1 17 1 26 1 
27 7 17 6 26 3 16 5 
9 5 17 4 26 7 1 3 
10 3 8 6 26 2 25 5 
28 6 2 1 11 6 21 5 
3 4
0 0
5 2
2 2
0 5
1 2
1 5
5 1
22 7 9 3 11 0 24 2 
4 5 7 7 6 0 24 4 
27 4 2 1 9 5 3 5 
6 3 11 0 0 2 6 3 
26 1 7 1 29 7 27 3 
15 3 1 5 4 0 17 2 
14 2 26 6 2 6 15 5 
27 5 23 4 20 3 0 7 
28 5 31 2 11 4 20 1 
18 2 13 1 11 4 15 2 
23 7 24 7 5 1 23 5 
15 4 13 6 18 0 16 3 
20 7 22 4 6 7 19 4 
9 5 14 3 18 5 18 4 
13 2 16 4 23 0 7 0 
22 4 17 3 31 1 7 2 
8 0
1 2
0 5
3 2
2 2
2 1
4 3
5 2
