5
24 5 8 6 24 0 31 0 
3 2 1 3 25 6 25 0 
26 1 3 2 9 3 31 0 
24 2 19 2 20 5 7 4 
29 1 0 4 1 7 15 4 
20 0 21 7 16 3 1 7 
3 4 18 6 29 4 6 4 
30 0 16 1 8 0 2 4 
14 4 9 2 4 0 23 4 
0 3 16 7 12 0 18 7 
16 6 25 2 31 3 4 1 
31 7 24 1 25 2 10 4 
30 5 15 1 30 6 26 3 
14 2 27 3 20 0 18 4 
16 4 5 0 21 0 0 5 
3 5 14 6 2 7 19 3 
2 1
3 5
4 1
9 1
0 1
6 3
3 3
4 2
24 5 8 6 24 0 31 0 
3 2 1 3 25 6 25 0 
26 1 3 2 9 3 31 0 
24 2 19 2 20 5 7 4 
29 1 0 4 1 7 15 4 
20 0 21 7 16 3 1 7 
3 4 18 6 29 4 6 4 
30 0 16 1 8 0 2 4 
14 4 9 2 4 0 23 4 
0 3 16 7 12 0 18 7 
16 6 25 2 31 3 4 1 
31 7 24 1 25 2 10 4 
30 5 15 1 30 6 26 3 
14 2 27 3 20 0 18 4 
16 4 5 0 21 0 0 5 
3 5 14 6 2 7 19 3 
2 1
3 5
4 1
9 1
0 1
6 3
3 3
4 2
24 5 8 6 24 0 31 0 
3 2 1 3 25 6 25 0 
26 1 3 2 9 3 31 0 
24 2 19 2 20 5 7 4 
29 1 0 4 1 7 15 4 
20 0 21 7 16 3 1 7 
3 4 18 6 29 4 6 4 
30 0 16 1 8 0 2 4 
14 4 9 2 4 0 23 4 
0 3 16 7 12 0 18 7 
16 6 25 2 31 3 4 1 
31 7 24 1 25 2 10 4 
30 5 15 1 30 6 26 3 
14 2 27 3 20 0 18 4 
16 4 5 0 21 0 0 5 
3 5 14 6 2 7 19 3 
2 1
3 5
4 1
9 1
0 1
6 3
3 3
4 2
24 5 8 6 24 0 31 0 
3 2 1 3 25 6 25 0 
26 1 3 2 9 3 31 0 
24 2 19 2 20 5 7 4 
29 1 0 4 1 7 15 4 
20 0 21 7 16 3 1 7 
3 4 18 6 29 4 6 4 
30 0 16 1 8 0 2 4 
14 4 9 2 4 0 23 4 
0 3 16 7 12 0 18 7 
16 6 25 2 31 3 4 1 
31 7 24 1 25 2 10 4 
30 5 15 1 30 6 26 3 
14 2 27 3 20 0 18 4 
16 4 5 0 21 0 0 5 
3 5 14 6 2 7 19 3 
2 1
3 5
4 1
9 1
0 1
6 3
3 3
4 2
24 5 8 6 24 0 31 0 
3 2 1 3 25 6 25 0 
26 1 3 2 9 3 31 0 
24 2 19 2 20 5 7 4 
29 1 0 4 1 7 15 4 
20 0 21 7 16 3 1 7 
3 4 18 6 29 4 6 4 
30 0 16 1 8 0 2 4 
14 4 9 2 4 0 23 4 
0 3 16 7 12 0 18 7 
16 6 25 2 31 3 4 1 
31 7 24 1 25 2 10 4 
30 5 15 1 30 6 26 3 
14 2 27 3 20 0 18 4 
16 4 5 0 21 0 0 5 
3 5 14 6 2 7 19 3 
2 1
3 5
4 1
9 1
0 1
6 3
3 3
4 2
