5
14 4 27 2 24 3 9 1 
15 6 14 4 7 1 25 5 
6 4 25 6 7 4 17 3 
14 1 13 4 30 7 19 0 
29 5 0 6 1 4 11 5 
31 1 8 1 4 5 21 1 
24 0 4 6 13 3 17 2 
25 4 10 5 11 6 17 1 
17 4 19 4 23 2 18 7 
21 3 28 5 3 2 3 6 
18 6 0 2 0 3 27 3 
9 2 15 3 28 4 6 0 
26 4 27 6 15 3 15 5 
7 5 20 1 19 2 10 2 
29 1 0 7 8 1 7 4 
20 7 27 6 10 4 0 3 
5 3
3 0
7 1
3 4
0 5
3 3
3 0
1 5
14 4 27 2 24 3 9 1 
15 6 14 4 7 1 25 5 
6 4 25 6 7 4 17 3 
14 1 13 4 30 7 19 0 
29 5 0 6 1 4 11 5 
31 1 8 1 4 5 21 1 
24 0 4 6 13 3 17 2 
25 4 10 5 11 6 17 1 
17 4 19 4 23 2 18 7 
21 3 28 5 3 2 3 6 
18 6 0 2 0 3 27 3 
9 2 15 3 28 4 6 0 
26 4 27 6 15 3 15 5 
7 5 20 1 19 2 10 2 
29 1 0 7 8 1 7 4 
20 7 27 6 10 4 0 3 
5 3
3 0
7 1
3 4
0 5
3 3
3 0
1 5
14 4 27 2 24 3 9 1 
15 6 14 4 7 1 25 5 
6 4 25 6 7 4 17 3 
14 1 13 4 30 7 19 0 
29 5 0 6 1 4 11 5 
31 1 8 1 4 5 21 1 
24 0 4 6 13 3 17 2 
25 4 10 5 11 6 17 1 
17 4 19 4 23 2 18 7 
21 3 28 5 3 2 3 6 
18 6 0 2 0 3 27 3 
9 2 15 3 28 4 6 0 
26 4 27 6 15 3 15 5 
7 5 20 1 19 2 10 2 
29 1 0 7 8 1 7 4 
20 7 27 6 10 4 0 3 
5 3
3 0
7 1
3 4
0 5
3 3
3 0
1 5
14 4 27 2 24 3 9 1 
15 6 14 4 7 1 25 5 
6 4 25 6 7 4 17 3 
14 1 13 4 30 7 19 0 
29 5 0 6 1 4 11 5 
31 1 8 1 4 5 21 1 
24 0 4 6 13 3 17 2 
25 4 10 5 11 6 17 1 
17 4 19 4 23 2 18 7 
21 3 28 5 3 2 3 6 
18 6 0 2 0 3 27 3 
9 2 15 3 28 4 6 0 
26 4 27 6 15 3 15 5 
7 5 20 1 19 2 10 2 
29 1 0 7 8 1 7 4 
20 7 27 6 10 4 0 3 
5 3
3 0
7 1
3 4
0 5
3 3
3 0
1 5
14 4 27 2 24 3 9 1 
15 6 14 4 7 1 25 5 
6 4 25 6 7 4 17 3 
14 1 13 4 30 7 19 0 
29 5 0 6 1 4 11 5 
31 1 8 1 4 5 21 1 
24 0 4 6 13 3 17 2 
25 4 10 5 11 6 17 1 
17 4 19 4 23 2 18 7 
21 3 28 5 3 2 3 6 
18 6 0 2 0 3 27 3 
9 2 15 3 28 4 6 0 
26 4 27 6 15 3 15 5 
7 5 20 1 19 2 10 2 
29 1 0 7 8 1 7 4 
20 7 27 6 10 4 0 3 
5 3
3 0
7 1
3 4
0 5
3 3
3 0
1 5
