5
29 7 16 3 13 4 3 4 
15 3 20 4 2 5 13 5 
31 4 3 5 9 2 8 4 
15 1 17 0 28 0 8 6 
27 0 17 3 23 6 5 4 
20 4 3 7 10 6 30 0 
3 6 31 6 0 3 5 4 
0 3 0 1 31 7 15 3 
28 1 21 3 3 2 27 2 
17 7 9 4 18 4 8 6 
7 5 18 2 23 1 22 4 
10 2 12 4 3 7 19 0 
8 1 9 7 10 4 18 6 
28 3 30 6 18 1 29 0 
0 6 28 5 18 0 6 4 
5 1 30 0 15 5 5 4 
7 5
2 2
4 5
5 2
8 3
3 2
2 0
1 4
29 7 16 3 13 4 3 4 
15 3 20 4 2 5 13 5 
31 4 3 5 9 2 8 4 
15 1 17 0 28 0 8 6 
27 0 17 3 23 6 5 4 
20 4 3 7 10 6 30 0 
3 6 31 6 0 3 5 4 
0 3 0 1 31 7 15 3 
28 1 21 3 3 2 27 2 
17 7 9 4 18 4 8 6 
7 5 18 2 23 1 22 4 
10 2 12 4 3 7 19 0 
8 1 9 7 10 4 18 6 
28 3 30 6 18 1 29 0 
0 6 28 5 18 0 6 4 
5 1 30 0 15 5 5 4 
7 5
2 2
4 5
5 2
8 3
3 2
2 0
1 4
29 7 16 3 13 4 3 4 
15 3 20 4 2 5 13 5 
31 4 3 5 9 2 8 4 
15 1 17 0 28 0 8 6 
27 0 17 3 23 6 5 4 
20 4 3 7 10 6 30 0 
3 6 31 6 0 3 5 4 
0 3 0 1 31 7 15 3 
28 1 21 3 3 2 27 2 
17 7 9 4 18 4 8 6 
7 5 18 2 23 1 22 4 
10 2 12 4 3 7 19 0 
8 1 9 7 10 4 18 6 
28 3 30 6 18 1 29 0 
0 6 28 5 18 0 6 4 
5 1 30 0 15 5 5 4 
7 5
2 2
4 5
5 2
8 3
3 2
2 0
1 4
29 7 16 3 13 4 3 4 
15 3 20 4 2 5 13 5 
31 4 3 5 9 2 8 4 
15 1 17 0 28 0 8 6 
27 0 17 3 23 6 5 4 
20 4 3 7 10 6 30 0 
3 6 31 6 0 3 5 4 
0 3 0 1 31 7 15 3 
28 1 21 3 3 2 27 2 
17 7 9 4 18 4 8 6 
7 5 18 2 23 1 22 4 
10 2 12 4 3 7 19 0 
8 1 9 7 10 4 18 6 
28 3 30 6 18 1 29 0 
0 6 28 5 18 0 6 4 
5 1 30 0 15 5 5 4 
7 5
2 2
4 5
5 2
8 3
3 2
2 0
1 4
29 7 16 3 13 4 3 4 
15 3 20 4 2 5 13 5 
31 4 3 5 9 2 8 4 
15 1 17 0 28 0 8 6 
27 0 17 3 23 6 5 4 
20 4 3 7 10 6 30 0 
3 6 31 6 0 3 5 4 
0 3 0 1 31 7 15 3 
28 1 21 3 3 2 27 2 
17 7 9 4 18 4 8 6 
7 5 18 2 23 1 22 4 
10 2 12 4 3 7 19 0 
8 1 9 7 10 4 18 6 
28 3 30 6 18 1 29 0 
0 6 28 5 18 0 6 4 
5 1 30 0 15 5 5 4 
7 5
2 2
4 5
5 2
8 3
3 2
2 0
1 4
