5
2 4 31 1 25 3 30 5 
16 2 0 1 0 6 21 1 
1 7 28 3 17 5 5 1 
18 6 9 3 19 5 25 6 
1 3 18 6 13 1 17 3 
21 0 4 4 24 5 17 1 
7 2 29 0 26 0 14 6 
13 0 28 1 16 4 31 0 
4 3 4 7 4 5 11 6 
29 5 2 3 21 0 12 1 
31 4 18 0 21 2 21 3 
31 2 25 6 21 2 7 6 
14 7 10 5 3 4 18 5 
4 7 20 6 18 0 0 1 
11 0 25 3 9 3 4 2 
24 0 16 3 6 4 3 1 
9 5
3 5
10 5
5 5
0 2
3 2
9 5
7 2
2 4 31 1 25 3 30 5 
16 2 0 1 0 6 21 1 
1 7 28 3 17 5 5 1 
18 6 9 3 19 5 25 6 
1 3 18 6 13 1 17 3 
21 0 4 4 24 5 17 1 
7 2 29 0 26 0 14 6 
13 0 28 1 16 4 31 0 
4 3 4 7 4 5 11 6 
29 5 2 3 21 0 12 1 
31 4 18 0 21 2 21 3 
31 2 25 6 21 2 7 6 
14 7 10 5 3 4 18 5 
4 7 20 6 18 0 0 1 
11 0 25 3 9 3 4 2 
24 0 16 3 6 4 3 1 
9 5
3 5
10 5
5 5
0 2
3 2
9 5
7 2
2 4 31 1 25 3 30 5 
16 2 0 1 0 6 21 1 
1 7 28 3 17 5 5 1 
18 6 9 3 19 5 25 6 
1 3 18 6 13 1 17 3 
21 0 4 4 24 5 17 1 
7 2 29 0 26 0 14 6 
13 0 28 1 16 4 31 0 
4 3 4 7 4 5 11 6 
29 5 2 3 21 0 12 1 
31 4 18 0 21 2 21 3 
31 2 25 6 21 2 7 6 
14 7 10 5 3 4 18 5 
4 7 20 6 18 0 0 1 
11 0 25 3 9 3 4 2 
24 0 16 3 6 4 3 1 
9 5
3 5
10 5
5 5
0 2
3 2
9 5
7 2
2 4 31 1 25 3 30 5 
16 2 0 1 0 6 21 1 
1 7 28 3 17 5 5 1 
18 6 9 3 19 5 25 6 
1 3 18 6 13 1 17 3 
21 0 4 4 24 5 17 1 
7 2 29 0 26 0 14 6 
13 0 28 1 16 4 31 0 
4 3 4 7 4 5 11 6 
29 5 2 3 21 0 12 1 
31 4 18 0 21 2 21 3 
31 2 25 6 21 2 7 6 
14 7 10 5 3 4 18 5 
4 7 20 6 18 0 0 1 
11 0 25 3 9 3 4 2 
24 0 16 3 6 4 3 1 
9 5
3 5
10 5
5 5
0 2
3 2
9 5
7 2
2 4 31 1 25 3 30 5 
16 2 0 1 0 6 21 1 
1 7 28 3 17 5 5 1 
18 6 9 3 19 5 25 6 
1 3 18 6 13 1 17 3 
21 0 4 4 24 5 17 1 
7 2 29 0 26 0 14 6 
13 0 28 1 16 4 31 0 
4 3 4 7 4 5 11 6 
29 5 2 3 21 0 12 1 
31 4 18 0 21 2 21 3 
31 2 25 6 21 2 7 6 
14 7 10 5 3 4 18 5 
4 7 20 6 18 0 0 1 
11 0 25 3 9 3 4 2 
24 0 16 3 6 4 3 1 
9 5
3 5
10 5
5 5
0 2
3 2
9 5
7 2
