5
16 0 3 3 12 5 15 5 
30 7 1 4 2 5 17 6 
0 4 22 6 15 2 30 5 
14 4 17 7 30 3 30 4 
19 0 13 7 20 0 29 7 
24 5 19 6 30 4 13 2 
28 7 8 5 16 6 3 5 
31 1 10 3 21 3 25 5 
2 0 23 6 0 7 8 2 
12 1 20 6 17 6 30 5 
4 2 16 6 16 7 22 2 
27 5 2 4 20 6 21 4 
27 4 25 6 0 4 14 6 
29 1 12 7 23 5 9 7 
12 7 27 2 12 4 3 1 
14 4 31 1 1 2 29 0 
4 1
4 1
3 1
0 5
5 4
4 2
1 4
0 2
16 0 3 3 12 5 15 5 
30 7 1 4 2 5 17 6 
0 4 22 6 15 2 30 5 
14 4 17 7 30 3 30 4 
19 0 13 7 20 0 29 7 
24 5 19 6 30 4 13 2 
28 7 8 5 16 6 3 5 
31 1 10 3 21 3 25 5 
2 0 23 6 0 7 8 2 
12 1 20 6 17 6 30 5 
4 2 16 6 16 7 22 2 
27 5 2 4 20 6 21 4 
27 4 25 6 0 4 14 6 
29 1 12 7 23 5 9 7 
12 7 27 2 12 4 3 1 
14 4 31 1 1 2 29 0 
4 1
4 1
3 1
0 5
5 4
4 2
1 4
0 2
16 0 3 3 12 5 15 5 
30 7 1 4 2 5 17 6 
0 4 22 6 15 2 30 5 
14 4 17 7 30 3 30 4 
19 0 13 7 20 0 29 7 
24 5 19 6 30 4 13 2 
28 7 8 5 16 6 3 5 
31 1 10 3 21 3 25 5 
2 0 23 6 0 7 8 2 
12 1 20 6 17 6 30 5 
4 2 16 6 16 7 22 2 
27 5 2 4 20 6 21 4 
27 4 25 6 0 4 14 6 
29 1 12 7 23 5 9 7 
12 7 27 2 12 4 3 1 
14 4 31 1 1 2 29 0 
4 1
4 1
3 1
0 5
5 4
4 2
1 4
0 2
16 0 3 3 12 5 15 5 
30 7 1 4 2 5 17 6 
0 4 22 6 15 2 30 5 
14 4 17 7 30 3 30 4 
19 0 13 7 20 0 29 7 
24 5 19 6 30 4 13 2 
28 7 8 5 16 6 3 5 
31 1 10 3 21 3 25 5 
2 0 23 6 0 7 8 2 
12 1 20 6 17 6 30 5 
4 2 16 6 16 7 22 2 
27 5 2 4 20 6 21 4 
27 4 25 6 0 4 14 6 
29 1 12 7 23 5 9 7 
12 7 27 2 12 4 3 1 
14 4 31 1 1 2 29 0 
4 1
4 1
3 1
0 5
5 4
4 2
1 4
0 2
16 0 3 3 12 5 15 5 
30 7 1 4 2 5 17 6 
0 4 22 6 15 2 30 5 
14 4 17 7 30 3 30 4 
19 0 13 7 20 0 29 7 
24 5 19 6 30 4 13 2 
28 7 8 5 16 6 3 5 
31 1 10 3 21 3 25 5 
2 0 23 6 0 7 8 2 
12 1 20 6 17 6 30 5 
4 2 16 6 16 7 22 2 
27 5 2 4 20 6 21 4 
27 4 25 6 0 4 14 6 
29 1 12 7 23 5 9 7 
12 7 27 2 12 4 3 1 
14 4 31 1 1 2 29 0 
4 1
4 1
3 1
0 5
5 4
4 2
1 4
0 2
