5
9 4 18 3 22 2 3 0 
30 5 21 1 1 6 28 2 
24 5 24 6 0 4 23 4 
18 7 2 6 19 6 27 2 
5 6 30 0 18 2 18 3 
9 6 31 0 28 3 17 4 
25 4 9 0 3 3 18 7 
9 1 13 2 19 3 20 0 
11 2 0 2 13 5 30 1 
13 6 2 1 21 1 4 2 
17 0 24 7 19 3 2 4 
29 2 19 6 0 6 12 4 
28 3 23 7 5 0 26 3 
25 5 23 7 23 0 30 7 
15 4 20 5 13 6 9 4 
2 5 11 0 19 7 5 0 
9 4
0 1
7 2
0 4
4 3
7 0
0 5
8 5
9 4 18 3 22 2 3 0 
30 5 21 1 1 6 28 2 
24 5 24 6 0 4 23 4 
18 7 2 6 19 6 27 2 
5 6 30 0 18 2 18 3 
9 6 31 0 28 3 17 4 
25 4 9 0 3 3 18 7 
9 1 13 2 19 3 20 0 
11 2 0 2 13 5 30 1 
13 6 2 1 21 1 4 2 
17 0 24 7 19 3 2 4 
29 2 19 6 0 6 12 4 
28 3 23 7 5 0 26 3 
25 5 23 7 23 0 30 7 
15 4 20 5 13 6 9 4 
2 5 11 0 19 7 5 0 
9 4
0 1
7 2
0 4
4 3
7 0
0 5
8 5
9 4 18 3 22 2 3 0 
30 5 21 1 1 6 28 2 
24 5 24 6 0 4 23 4 
18 7 2 6 19 6 27 2 
5 6 30 0 18 2 18 3 
9 6 31 0 28 3 17 4 
25 4 9 0 3 3 18 7 
9 1 13 2 19 3 20 0 
11 2 0 2 13 5 30 1 
13 6 2 1 21 1 4 2 
17 0 24 7 19 3 2 4 
29 2 19 6 0 6 12 4 
28 3 23 7 5 0 26 3 
25 5 23 7 23 0 30 7 
15 4 20 5 13 6 9 4 
2 5 11 0 19 7 5 0 
9 4
0 1
7 2
0 4
4 3
7 0
0 5
8 5
9 4 18 3 22 2 3 0 
30 5 21 1 1 6 28 2 
24 5 24 6 0 4 23 4 
18 7 2 6 19 6 27 2 
5 6 30 0 18 2 18 3 
9 6 31 0 28 3 17 4 
25 4 9 0 3 3 18 7 
9 1 13 2 19 3 20 0 
11 2 0 2 13 5 30 1 
13 6 2 1 21 1 4 2 
17 0 24 7 19 3 2 4 
29 2 19 6 0 6 12 4 
28 3 23 7 5 0 26 3 
25 5 23 7 23 0 30 7 
15 4 20 5 13 6 9 4 
2 5 11 0 19 7 5 0 
9 4
0 1
7 2
0 4
4 3
7 0
0 5
8 5
9 4 18 3 22 2 3 0 
30 5 21 1 1 6 28 2 
24 5 24 6 0 4 23 4 
18 7 2 6 19 6 27 2 
5 6 30 0 18 2 18 3 
9 6 31 0 28 3 17 4 
25 4 9 0 3 3 18 7 
9 1 13 2 19 3 20 0 
11 2 0 2 13 5 30 1 
13 6 2 1 21 1 4 2 
17 0 24 7 19 3 2 4 
29 2 19 6 0 6 12 4 
28 3 23 7 5 0 26 3 
25 5 23 7 23 0 30 7 
15 4 20 5 13 6 9 4 
2 5 11 0 19 7 5 0 
9 4
0 1
7 2
0 4
4 3
7 0
0 5
8 5
