5
16 5 12 6 20 5 17 4 
15 0 8 7 27 6 10 0 
6 4 2 5 28 3 31 2 
11 5 2 1 15 2 23 2 
3 4 7 0 28 3 19 2 
28 6 18 2 29 4 28 1 
27 6 23 0 11 0 31 7 
9 4 3 3 30 5 16 5 
22 1 19 1 15 5 21 5 
23 5 7 5 27 7 4 7 
17 5 22 6 17 6 27 7 
29 7 15 5 14 3 5 6 
25 7 19 5 1 5 14 0 
18 1 4 2 25 7 17 2 
12 7 5 1 22 1 0 7 
24 1 25 7 29 7 2 7 
7 0
10 1
0 0
10 2
8 4
4 1
10 0
1 4
16 5 12 6 20 5 17 4 
15 0 8 7 27 6 10 0 
6 4 2 5 28 3 31 2 
11 5 2 1 15 2 23 2 
3 4 7 0 28 3 19 2 
28 6 18 2 29 4 28 1 
27 6 23 0 11 0 31 7 
9 4 3 3 30 5 16 5 
22 1 19 1 15 5 21 5 
23 5 7 5 27 7 4 7 
17 5 22 6 17 6 27 7 
29 7 15 5 14 3 5 6 
25 7 19 5 1 5 14 0 
18 1 4 2 25 7 17 2 
12 7 5 1 22 1 0 7 
24 1 25 7 29 7 2 7 
7 0
10 1
0 0
10 2
8 4
4 1
10 0
1 4
16 5 12 6 20 5 17 4 
15 0 8 7 27 6 10 0 
6 4 2 5 28 3 31 2 
11 5 2 1 15 2 23 2 
3 4 7 0 28 3 19 2 
28 6 18 2 29 4 28 1 
27 6 23 0 11 0 31 7 
9 4 3 3 30 5 16 5 
22 1 19 1 15 5 21 5 
23 5 7 5 27 7 4 7 
17 5 22 6 17 6 27 7 
29 7 15 5 14 3 5 6 
25 7 19 5 1 5 14 0 
18 1 4 2 25 7 17 2 
12 7 5 1 22 1 0 7 
24 1 25 7 29 7 2 7 
7 0
10 1
0 0
10 2
8 4
4 1
10 0
1 4
16 5 12 6 20 5 17 4 
15 0 8 7 27 6 10 0 
6 4 2 5 28 3 31 2 
11 5 2 1 15 2 23 2 
3 4 7 0 28 3 19 2 
28 6 18 2 29 4 28 1 
27 6 23 0 11 0 31 7 
9 4 3 3 30 5 16 5 
22 1 19 1 15 5 21 5 
23 5 7 5 27 7 4 7 
17 5 22 6 17 6 27 7 
29 7 15 5 14 3 5 6 
25 7 19 5 1 5 14 0 
18 1 4 2 25 7 17 2 
12 7 5 1 22 1 0 7 
24 1 25 7 29 7 2 7 
7 0
10 1
0 0
10 2
8 4
4 1
10 0
1 4
16 5 12 6 20 5 17 4 
15 0 8 7 27 6 10 0 
6 4 2 5 28 3 31 2 
11 5 2 1 15 2 23 2 
3 4 7 0 28 3 19 2 
28 6 18 2 29 4 28 1 
27 6 23 0 11 0 31 7 
9 4 3 3 30 5 16 5 
22 1 19 1 15 5 21 5 
23 5 7 5 27 7 4 7 
17 5 22 6 17 6 27 7 
29 7 15 5 14 3 5 6 
25 7 19 5 1 5 14 0 
18 1 4 2 25 7 17 2 
12 7 5 1 22 1 0 7 
24 1 25 7 29 7 2 7 
7 0
10 1
0 0
10 2
8 4
4 1
10 0
1 4
