5
13 3 15 6 30 1 1 5 
19 2 11 4 13 6 31 4 
0 4 19 1 13 5 12 5 
20 3 29 0 26 7 0 4 
29 6 6 5 9 0 8 5 
30 3 29 4 20 3 7 0 
28 2 3 4 11 1 9 3 
25 7 21 6 20 0 1 7 
29 6 9 3 16 4 10 4 
18 4 17 6 11 5 30 4 
21 4 30 2 0 2 15 5 
16 0 28 1 20 3 18 3 
4 4 13 6 2 6 6 0 
3 2 19 6 27 3 25 6 
29 6 9 0 21 0 2 3 
10 5 7 2 5 4 23 1 
4 1
2 1
1 4
1 0
0 3
2 3
4 4
3 5
13 3 15 6 30 1 1 5 
19 2 11 4 13 6 31 4 
0 4 19 1 13 5 12 5 
20 3 29 0 26 7 0 4 
29 6 6 5 9 0 8 5 
30 3 29 4 20 3 7 0 
28 2 3 4 11 1 9 3 
25 7 21 6 20 0 1 7 
29 6 9 3 16 4 10 4 
18 4 17 6 11 5 30 4 
21 4 30 2 0 2 15 5 
16 0 28 1 20 3 18 3 
4 4 13 6 2 6 6 0 
3 2 19 6 27 3 25 6 
29 6 9 0 21 0 2 3 
10 5 7 2 5 4 23 1 
4 1
2 1
1 4
1 0
0 3
2 3
4 4
3 5
13 3 15 6 30 1 1 5 
19 2 11 4 13 6 31 4 
0 4 19 1 13 5 12 5 
20 3 29 0 26 7 0 4 
29 6 6 5 9 0 8 5 
30 3 29 4 20 3 7 0 
28 2 3 4 11 1 9 3 
25 7 21 6 20 0 1 7 
29 6 9 3 16 4 10 4 
18 4 17 6 11 5 30 4 
21 4 30 2 0 2 15 5 
16 0 28 1 20 3 18 3 
4 4 13 6 2 6 6 0 
3 2 19 6 27 3 25 6 
29 6 9 0 21 0 2 3 
10 5 7 2 5 4 23 1 
4 1
2 1
1 4
1 0
0 3
2 3
4 4
3 5
13 3 15 6 30 1 1 5 
19 2 11 4 13 6 31 4 
0 4 19 1 13 5 12 5 
20 3 29 0 26 7 0 4 
29 6 6 5 9 0 8 5 
30 3 29 4 20 3 7 0 
28 2 3 4 11 1 9 3 
25 7 21 6 20 0 1 7 
29 6 9 3 16 4 10 4 
18 4 17 6 11 5 30 4 
21 4 30 2 0 2 15 5 
16 0 28 1 20 3 18 3 
4 4 13 6 2 6 6 0 
3 2 19 6 27 3 25 6 
29 6 9 0 21 0 2 3 
10 5 7 2 5 4 23 1 
4 1
2 1
1 4
1 0
0 3
2 3
4 4
3 5
13 3 15 6 30 1 1 5 
19 2 11 4 13 6 31 4 
0 4 19 1 13 5 12 5 
20 3 29 0 26 7 0 4 
29 6 6 5 9 0 8 5 
30 3 29 4 20 3 7 0 
28 2 3 4 11 1 9 3 
25 7 21 6 20 0 1 7 
29 6 9 3 16 4 10 4 
18 4 17 6 11 5 30 4 
21 4 30 2 0 2 15 5 
16 0 28 1 20 3 18 3 
4 4 13 6 2 6 6 0 
3 2 19 6 27 3 25 6 
29 6 9 0 21 0 2 3 
10 5 7 2 5 4 23 1 
4 1
2 1
1 4
1 0
0 3
2 3
4 4
3 5
