5
29 5 16 0 29 6 14 5 
26 4 14 2 31 6 4 6 
1 6 0 4 24 1 20 6 
16 0 23 7 26 1 0 4 
7 6 11 4 31 4 22 7 
27 7 6 0 2 6 24 6 
27 3 9 6 17 4 28 1 
25 1 9 4 28 0 11 2 
10 1 21 6 30 7 2 0 
21 6 13 0 0 2 22 5 
2 0 25 7 15 5 29 0 
15 2 16 4 8 7 9 3 
3 7 6 7 10 3 18 5 
23 4 24 6 5 7 10 4 
0 3 25 4 22 5 2 7 
4 6 27 0 25 4 30 3 
7 1
2 5
2 1
3 4
9 5
2 3
6 0
4 5
29 5 16 0 29 6 14 5 
26 4 14 2 31 6 4 6 
1 6 0 4 24 1 20 6 
16 0 23 7 26 1 0 4 
7 6 11 4 31 4 22 7 
27 7 6 0 2 6 24 6 
27 3 9 6 17 4 28 1 
25 1 9 4 28 0 11 2 
10 1 21 6 30 7 2 0 
21 6 13 0 0 2 22 5 
2 0 25 7 15 5 29 0 
15 2 16 4 8 7 9 3 
3 7 6 7 10 3 18 5 
23 4 24 6 5 7 10 4 
0 3 25 4 22 5 2 7 
4 6 27 0 25 4 30 3 
7 1
2 5
2 1
3 4
9 5
2 3
6 0
4 5
29 5 16 0 29 6 14 5 
26 4 14 2 31 6 4 6 
1 6 0 4 24 1 20 6 
16 0 23 7 26 1 0 4 
7 6 11 4 31 4 22 7 
27 7 6 0 2 6 24 6 
27 3 9 6 17 4 28 1 
25 1 9 4 28 0 11 2 
10 1 21 6 30 7 2 0 
21 6 13 0 0 2 22 5 
2 0 25 7 15 5 29 0 
15 2 16 4 8 7 9 3 
3 7 6 7 10 3 18 5 
23 4 24 6 5 7 10 4 
0 3 25 4 22 5 2 7 
4 6 27 0 25 4 30 3 
7 1
2 5
2 1
3 4
9 5
2 3
6 0
4 5
29 5 16 0 29 6 14 5 
26 4 14 2 31 6 4 6 
1 6 0 4 24 1 20 6 
16 0 23 7 26 1 0 4 
7 6 11 4 31 4 22 7 
27 7 6 0 2 6 24 6 
27 3 9 6 17 4 28 1 
25 1 9 4 28 0 11 2 
10 1 21 6 30 7 2 0 
21 6 13 0 0 2 22 5 
2 0 25 7 15 5 29 0 
15 2 16 4 8 7 9 3 
3 7 6 7 10 3 18 5 
23 4 24 6 5 7 10 4 
0 3 25 4 22 5 2 7 
4 6 27 0 25 4 30 3 
7 1
2 5
2 1
3 4
9 5
2 3
6 0
4 5
29 5 16 0 29 6 14 5 
26 4 14 2 31 6 4 6 
1 6 0 4 24 1 20 6 
16 0 23 7 26 1 0 4 
7 6 11 4 31 4 22 7 
27 7 6 0 2 6 24 6 
27 3 9 6 17 4 28 1 
25 1 9 4 28 0 11 2 
10 1 21 6 30 7 2 0 
21 6 13 0 0 2 22 5 
2 0 25 7 15 5 29 0 
15 2 16 4 8 7 9 3 
3 7 6 7 10 3 18 5 
23 4 24 6 5 7 10 4 
0 3 25 4 22 5 2 7 
4 6 27 0 25 4 30 3 
7 1
2 5
2 1
3 4
9 5
2 3
6 0
4 5
