5
12 6 22 1 18 2 1 1 
14 3 8 2 3 6 18 1 
2 0 21 3 31 7 22 5 
26 0 9 5 23 4 13 4 
26 1 2 1 14 2 26 7 
19 2 14 7 20 6 18 3 
26 6 19 2 12 1 27 6 
9 4 10 2 6 2 0 2 
13 7 1 5 23 4 26 0 
7 4 0 3 13 4 17 0 
21 7 30 4 20 5 12 6 
8 5 21 5 13 1 4 6 
20 2 0 7 23 5 5 4 
13 6 13 6 8 0 14 6 
5 6 31 6 12 3 14 4 
20 3 5 0 3 2 12 2 
5 3
1 2
0 5
0 4
3 3
1 5
1 4
0 4
12 6 22 1 18 2 1 1 
14 3 8 2 3 6 18 1 
2 0 21 3 31 7 22 5 
26 0 9 5 23 4 13 4 
26 1 2 1 14 2 26 7 
19 2 14 7 20 6 18 3 
26 6 19 2 12 1 27 6 
9 4 10 2 6 2 0 2 
13 7 1 5 23 4 26 0 
7 4 0 3 13 4 17 0 
21 7 30 4 20 5 12 6 
8 5 21 5 13 1 4 6 
20 2 0 7 23 5 5 4 
13 6 13 6 8 0 14 6 
5 6 31 6 12 3 14 4 
20 3 5 0 3 2 12 2 
5 3
1 2
0 5
0 4
3 3
1 5
1 4
0 4
12 6 22 1 18 2 1 1 
14 3 8 2 3 6 18 1 
2 0 21 3 31 7 22 5 
26 0 9 5 23 4 13 4 
26 1 2 1 14 2 26 7 
19 2 14 7 20 6 18 3 
26 6 19 2 12 1 27 6 
9 4 10 2 6 2 0 2 
13 7 1 5 23 4 26 0 
7 4 0 3 13 4 17 0 
21 7 30 4 20 5 12 6 
8 5 21 5 13 1 4 6 
20 2 0 7 23 5 5 4 
13 6 13 6 8 0 14 6 
5 6 31 6 12 3 14 4 
20 3 5 0 3 2 12 2 
5 3
1 2
0 5
0 4
3 3
1 5
1 4
0 4
12 6 22 1 18 2 1 1 
14 3 8 2 3 6 18 1 
2 0 21 3 31 7 22 5 
26 0 9 5 23 4 13 4 
26 1 2 1 14 2 26 7 
19 2 14 7 20 6 18 3 
26 6 19 2 12 1 27 6 
9 4 10 2 6 2 0 2 
13 7 1 5 23 4 26 0 
7 4 0 3 13 4 17 0 
21 7 30 4 20 5 12 6 
8 5 21 5 13 1 4 6 
20 2 0 7 23 5 5 4 
13 6 13 6 8 0 14 6 
5 6 31 6 12 3 14 4 
20 3 5 0 3 2 12 2 
5 3
1 2
0 5
0 4
3 3
1 5
1 4
0 4
12 6 22 1 18 2 1 1 
14 3 8 2 3 6 18 1 
2 0 21 3 31 7 22 5 
26 0 9 5 23 4 13 4 
26 1 2 1 14 2 26 7 
19 2 14 7 20 6 18 3 
26 6 19 2 12 1 27 6 
9 4 10 2 6 2 0 2 
13 7 1 5 23 4 26 0 
7 4 0 3 13 4 17 0 
21 7 30 4 20 5 12 6 
8 5 21 5 13 1 4 6 
20 2 0 7 23 5 5 4 
13 6 13 6 8 0 14 6 
5 6 31 6 12 3 14 4 
20 3 5 0 3 2 12 2 
5 3
1 2
0 5
0 4
3 3
1 5
1 4
0 4
