5
28 7 10 4 29 7 16 7 
17 4 4 0 8 3 25 4 
16 7 31 3 17 3 9 2 
26 3 5 0 27 3 4 6 
8 6 30 6 24 6 30 0 
1 4 16 0 9 3 27 1 
21 4 28 1 8 7 3 6 
4 4 8 2 7 5 30 4 
16 2 10 2 6 3 4 2 
14 4 14 7 10 0 16 7 
24 1 26 0 16 6 5 4 
2 6 17 6 15 5 22 1 
17 1 17 4 29 2 6 6 
7 7 17 2 11 3 18 3 
18 3 30 5 16 5 30 3 
18 1 4 2 27 2 9 3 
4 3
10 2
1 5
7 4
8 1
6 0
4 5
5 2
28 7 10 4 29 7 16 7 
17 4 4 0 8 3 25 4 
16 7 31 3 17 3 9 2 
26 3 5 0 27 3 4 6 
8 6 30 6 24 6 30 0 
1 4 16 0 9 3 27 1 
21 4 28 1 8 7 3 6 
4 4 8 2 7 5 30 4 
16 2 10 2 6 3 4 2 
14 4 14 7 10 0 16 7 
24 1 26 0 16 6 5 4 
2 6 17 6 15 5 22 1 
17 1 17 4 29 2 6 6 
7 7 17 2 11 3 18 3 
18 3 30 5 16 5 30 3 
18 1 4 2 27 2 9 3 
4 3
10 2
1 5
7 4
8 1
6 0
4 5
5 2
28 7 10 4 29 7 16 7 
17 4 4 0 8 3 25 4 
16 7 31 3 17 3 9 2 
26 3 5 0 27 3 4 6 
8 6 30 6 24 6 30 0 
1 4 16 0 9 3 27 1 
21 4 28 1 8 7 3 6 
4 4 8 2 7 5 30 4 
16 2 10 2 6 3 4 2 
14 4 14 7 10 0 16 7 
24 1 26 0 16 6 5 4 
2 6 17 6 15 5 22 1 
17 1 17 4 29 2 6 6 
7 7 17 2 11 3 18 3 
18 3 30 5 16 5 30 3 
18 1 4 2 27 2 9 3 
4 3
10 2
1 5
7 4
8 1
6 0
4 5
5 2
28 7 10 4 29 7 16 7 
17 4 4 0 8 3 25 4 
16 7 31 3 17 3 9 2 
26 3 5 0 27 3 4 6 
8 6 30 6 24 6 30 0 
1 4 16 0 9 3 27 1 
21 4 28 1 8 7 3 6 
4 4 8 2 7 5 30 4 
16 2 10 2 6 3 4 2 
14 4 14 7 10 0 16 7 
24 1 26 0 16 6 5 4 
2 6 17 6 15 5 22 1 
17 1 17 4 29 2 6 6 
7 7 17 2 11 3 18 3 
18 3 30 5 16 5 30 3 
18 1 4 2 27 2 9 3 
4 3
10 2
1 5
7 4
8 1
6 0
4 5
5 2
28 7 10 4 29 7 16 7 
17 4 4 0 8 3 25 4 
16 7 31 3 17 3 9 2 
26 3 5 0 27 3 4 6 
8 6 30 6 24 6 30 0 
1 4 16 0 9 3 27 1 
21 4 28 1 8 7 3 6 
4 4 8 2 7 5 30 4 
16 2 10 2 6 3 4 2 
14 4 14 7 10 0 16 7 
24 1 26 0 16 6 5 4 
2 6 17 6 15 5 22 1 
17 1 17 4 29 2 6 6 
7 7 17 2 11 3 18 3 
18 3 30 5 16 5 30 3 
18 1 4 2 27 2 9 3 
4 3
10 2
1 5
7 4
8 1
6 0
4 5
5 2
