5
14 3 16 4 24 4 24 7 
31 7 26 3 11 0 7 7 
16 1 27 5 12 6 24 2 
16 1 27 7 13 5 23 5 
17 3 10 2 30 7 25 2 
31 4 6 1 1 4 22 0 
24 6 12 3 1 5 12 7 
8 3 6 3 3 6 29 4 
24 4 4 0 21 5 24 0 
10 6 0 6 0 1 18 1 
18 5 30 1 23 2 15 3 
6 5 20 5 16 1 14 2 
1 1 5 4 19 5 30 0 
21 0 16 0 1 7 9 1 
13 7 30 5 29 5 0 6 
14 7 1 6 22 5 30 3 
4 4
0 2
2 5
2 5
5 4
5 1
10 4
0 3
14 3 16 4 24 4 24 7 
31 7 26 3 11 0 7 7 
16 1 27 5 12 6 24 2 
16 1 27 7 13 5 23 5 
17 3 10 2 30 7 25 2 
31 4 6 1 1 4 22 0 
24 6 12 3 1 5 12 7 
8 3 6 3 3 6 29 4 
24 4 4 0 21 5 24 0 
10 6 0 6 0 1 18 1 
18 5 30 1 23 2 15 3 
6 5 20 5 16 1 14 2 
1 1 5 4 19 5 30 0 
21 0 16 0 1 7 9 1 
13 7 30 5 29 5 0 6 
14 7 1 6 22 5 30 3 
4 4
0 2
2 5
2 5
5 4
5 1
10 4
0 3
14 3 16 4 24 4 24 7 
31 7 26 3 11 0 7 7 
16 1 27 5 12 6 24 2 
16 1 27 7 13 5 23 5 
17 3 10 2 30 7 25 2 
31 4 6 1 1 4 22 0 
24 6 12 3 1 5 12 7 
8 3 6 3 3 6 29 4 
24 4 4 0 21 5 24 0 
10 6 0 6 0 1 18 1 
18 5 30 1 23 2 15 3 
6 5 20 5 16 1 14 2 
1 1 5 4 19 5 30 0 
21 0 16 0 1 7 9 1 
13 7 30 5 29 5 0 6 
14 7 1 6 22 5 30 3 
4 4
0 2
2 5
2 5
5 4
5 1
10 4
0 3
14 3 16 4 24 4 24 7 
31 7 26 3 11 0 7 7 
16 1 27 5 12 6 24 2 
16 1 27 7 13 5 23 5 
17 3 10 2 30 7 25 2 
31 4 6 1 1 4 22 0 
24 6 12 3 1 5 12 7 
8 3 6 3 3 6 29 4 
24 4 4 0 21 5 24 0 
10 6 0 6 0 1 18 1 
18 5 30 1 23 2 15 3 
6 5 20 5 16 1 14 2 
1 1 5 4 19 5 30 0 
21 0 16 0 1 7 9 1 
13 7 30 5 29 5 0 6 
14 7 1 6 22 5 30 3 
4 4
0 2
2 5
2 5
5 4
5 1
10 4
0 3
14 3 16 4 24 4 24 7 
31 7 26 3 11 0 7 7 
16 1 27 5 12 6 24 2 
16 1 27 7 13 5 23 5 
17 3 10 2 30 7 25 2 
31 4 6 1 1 4 22 0 
24 6 12 3 1 5 12 7 
8 3 6 3 3 6 29 4 
24 4 4 0 21 5 24 0 
10 6 0 6 0 1 18 1 
18 5 30 1 23 2 15 3 
6 5 20 5 16 1 14 2 
1 1 5 4 19 5 30 0 
21 0 16 0 1 7 9 1 
13 7 30 5 29 5 0 6 
14 7 1 6 22 5 30 3 
4 4
0 2
2 5
2 5
5 4
5 1
10 4
0 3
