5
20 1 28 0 31 6 5 0 
16 3 0 1 18 6 30 7 
5 3 5 1 29 4 25 7 
14 5 2 3 1 3 23 7 
28 0 20 3 3 6 30 0 
22 0 1 7 29 7 2 7 
23 5 24 2 22 2 20 4 
13 3 30 0 4 5 0 5 
25 5 9 6 0 7 16 3 
18 7 23 1 4 5 15 4 
14 3 22 5 26 4 26 1 
15 4 14 3 12 5 12 2 
0 7 14 3 15 7 28 4 
23 2 6 7 23 1 20 6 
1 6 12 4 7 4 10 6 
10 3 23 3 9 1 3 6 
3 0
3 4
3 1
1 2
6 2
3 4
2 3
0 5
5 7 4 1 1 5 7 7 
9 4 30 5 2 6 7 7 
21 5 2 7 24 4 0 7 
21 4 3 2 24 7 7 3 
16 0 23 2 3 1 1 2 
25 3 1 1 27 6 5 3 
19 4 22 6 16 1 1 2 
26 4 0 0 18 3 15 5 
14 7 17 0 21 3 29 2 
5 4 11 4 7 6 24 7 
12 1 14 5 0 7 10 5 
6 5 17 1 16 0 1 0 
7 1 4 7 30 0 7 1 
18 4 2 3 15 4 12 0 
24 1 6 3 8 2 15 3 
16 5 22 6 21 7 28 3 
9 1
3 4
8 2
0 5
2 4
2 1
6 3
4 4
5 7 4 1 1 5 7 7 
9 4 30 5 2 6 7 7 
21 5 2 7 24 4 0 7 
21 4 3 2 24 7 7 3 
16 0 23 2 3 1 1 2 
25 3 1 1 27 6 5 3 
19 4 22 6 16 1 1 2 
26 4 0 0 18 3 15 5 
14 7 17 0 21 3 29 2 
5 4 11 4 7 6 24 7 
12 1 14 5 0 7 10 5 
6 5 17 1 16 0 1 0 
7 1 4 7 30 0 7 1 
18 4 2 3 15 4 12 0 
24 1 6 3 8 2 15 3 
16 5 22 6 21 7 28 3 
9 1
3 4
8 2
0 5
2 4
2 1
6 3
4 4
20 1 28 0 31 6 5 0 
16 3 0 1 18 6 30 7 
5 3 5 1 29 4 25 7 
14 5 2 3 1 3 23 7 
28 0 20 3 3 6 30 0 
22 0 1 7 29 7 2 7 
23 5 24 2 22 2 20 4 
13 3 30 0 4 5 0 5 
25 5 9 6 0 7 16 3 
18 7 23 1 4 5 15 4 
14 3 22 5 26 4 26 1 
15 4 14 3 12 5 12 2 
0 7 14 3 15 7 28 4 
23 2 6 7 23 1 20 6 
1 6 12 4 7 4 10 6 
10 3 23 3 9 1 3 6 
3 0
3 4
3 1
1 2
6 2
3 4
2 3
0 5
20 1 28 0 31 6 5 0 
16 3 0 1 18 6 30 7 
5 3 5 1 29 4 25 7 
14 5 2 3 1 3 23 7 
28 0 20 3 3 6 30 0 
22 0 1 7 29 7 2 7 
23 5 24 2 22 2 20 4 
13 3 30 0 4 5 0 5 
25 5 9 6 0 7 16 3 
18 7 23 1 4 5 15 4 
14 3 22 5 26 4 26 1 
15 4 14 3 12 5 12 2 
0 7 14 3 15 7 28 4 
23 2 6 7 23 1 20 6 
1 6 12 4 7 4 10 6 
10 3 23 3 9 1 3 6 
3 0
3 4
3 1
1 2
6 2
3 4
2 3
0 5
