5
11 2 15 6 5 3 18 7 
24 2 5 0 17 1 13 5 
16 1 17 1 20 4 13 6 
16 0 15 0 29 4 27 6 
20 3 19 2 8 2 30 4 
8 5 0 1 8 3 9 6 
17 6 10 3 22 5 2 4 
23 4 24 1 11 3 7 6 
18 1 28 0 8 5 30 0 
4 5 7 6 20 4 13 6 
3 7 10 3 0 0 17 6 
2 3 23 4 8 1 19 1 
26 4 9 5 5 6 6 4 
11 6 17 1 21 3 3 2 
9 2 17 1 0 3 9 5 
7 7 16 4 5 6 21 0 
7 1
7 1
2 2
6 2
9 1
8 5
0 2
4 2
11 2 15 6 5 3 18 7 
24 2 5 0 17 1 13 5 
16 1 17 1 20 4 13 6 
16 0 15 0 29 4 27 6 
20 3 19 2 8 2 30 4 
8 5 0 1 8 3 9 6 
17 6 10 3 22 5 2 4 
23 4 24 1 11 3 7 6 
18 1 28 0 8 5 30 0 
4 5 7 6 20 4 13 6 
3 7 10 3 0 0 17 6 
2 3 23 4 8 1 19 1 
26 4 9 5 5 6 6 4 
11 6 17 1 21 3 3 2 
9 2 17 1 0 3 9 5 
7 7 16 4 5 6 21 0 
7 1
7 1
2 2
6 2
9 1
8 5
0 2
4 2
11 2 15 6 5 3 18 7 
24 2 5 0 17 1 13 5 
16 1 17 1 20 4 13 6 
16 0 15 0 29 4 27 6 
20 3 19 2 8 2 30 4 
8 5 0 1 8 3 9 6 
17 6 10 3 22 5 2 4 
23 4 24 1 11 3 7 6 
18 1 28 0 8 5 30 0 
4 5 7 6 20 4 13 6 
3 7 10 3 0 0 17 6 
2 3 23 4 8 1 19 1 
26 4 9 5 5 6 6 4 
11 6 17 1 21 3 3 2 
9 2 17 1 0 3 9 5 
7 7 16 4 5 6 21 0 
7 1
7 1
2 2
6 2
9 1
8 5
0 2
4 2
11 2 15 6 5 3 18 7 
24 2 5 0 17 1 13 5 
16 1 17 1 20 4 13 6 
16 0 15 0 29 4 27 6 
20 3 19 2 8 2 30 4 
8 5 0 1 8 3 9 6 
17 6 10 3 22 5 2 4 
23 4 24 1 11 3 7 6 
18 1 28 0 8 5 30 0 
4 5 7 6 20 4 13 6 
3 7 10 3 0 0 17 6 
2 3 23 4 8 1 19 1 
26 4 9 5 5 6 6 4 
11 6 17 1 21 3 3 2 
9 2 17 1 0 3 9 5 
7 7 16 4 5 6 21 0 
7 1
7 1
2 2
6 2
9 1
8 5
0 2
4 2
11 2 15 6 5 3 18 7 
24 2 5 0 17 1 13 5 
16 1 17 1 20 4 13 6 
16 0 15 0 29 4 27 6 
20 3 19 2 8 2 30 4 
8 5 0 1 8 3 9 6 
17 6 10 3 22 5 2 4 
23 4 24 1 11 3 7 6 
18 1 28 0 8 5 30 0 
4 5 7 6 20 4 13 6 
3 7 10 3 0 0 17 6 
2 3 23 4 8 1 19 1 
26 4 9 5 5 6 6 4 
11 6 17 1 21 3 3 2 
9 2 17 1 0 3 9 5 
7 7 16 4 5 6 21 0 
7 1
7 1
2 2
6 2
9 1
8 5
0 2
4 2
