5
2 2 3 1 18 6 6 3 
5 2 2 3 29 1 20 6 
23 7 13 7 1 3 7 5 
12 3 15 5 26 5 25 2 
12 0 21 1 22 4 4 5 
29 3 5 2 16 2 22 7 
13 6 6 1 23 3 24 0 
2 1 21 6 31 6 19 0 
15 3 15 1 6 7 4 2 
22 3 12 6 14 6 19 6 
5 2 28 5 0 4 10 2 
2 1 13 0 8 1 11 4 
17 6 3 5 14 1 20 4 
17 3 30 5 17 2 2 3 
19 4 6 6 8 5 6 0 
12 7 30 0 18 6 3 1 
9 5
0 1
6 4
0 4
6 4
1 5
0 4
4 2
2 2 3 1 18 6 6 3 
5 2 2 3 29 1 20 6 
23 7 13 7 1 3 7 5 
12 3 15 5 26 5 25 2 
12 0 21 1 22 4 4 5 
29 3 5 2 16 2 22 7 
13 6 6 1 23 3 24 0 
2 1 21 6 31 6 19 0 
15 3 15 1 6 7 4 2 
22 3 12 6 14 6 19 6 
5 2 28 5 0 4 10 2 
2 1 13 0 8 1 11 4 
17 6 3 5 14 1 20 4 
17 3 30 5 17 2 2 3 
19 4 6 6 8 5 6 0 
12 7 30 0 18 6 3 1 
9 5
0 1
6 4
0 4
6 4
1 5
0 4
4 2
2 2 3 1 18 6 6 3 
5 2 2 3 29 1 20 6 
23 7 13 7 1 3 7 5 
12 3 15 5 26 5 25 2 
12 0 21 1 22 4 4 5 
29 3 5 2 16 2 22 7 
13 6 6 1 23 3 24 0 
2 1 21 6 31 6 19 0 
15 3 15 1 6 7 4 2 
22 3 12 6 14 6 19 6 
5 2 28 5 0 4 10 2 
2 1 13 0 8 1 11 4 
17 6 3 5 14 1 20 4 
17 3 30 5 17 2 2 3 
19 4 6 6 8 5 6 0 
12 7 30 0 18 6 3 1 
9 5
0 1
6 4
0 4
6 4
1 5
0 4
4 2
2 2 3 1 18 6 6 3 
5 2 2 3 29 1 20 6 
23 7 13 7 1 3 7 5 
12 3 15 5 26 5 25 2 
12 0 21 1 22 4 4 5 
29 3 5 2 16 2 22 7 
13 6 6 1 23 3 24 0 
2 1 21 6 31 6 19 0 
15 3 15 1 6 7 4 2 
22 3 12 6 14 6 19 6 
5 2 28 5 0 4 10 2 
2 1 13 0 8 1 11 4 
17 6 3 5 14 1 20 4 
17 3 30 5 17 2 2 3 
19 4 6 6 8 5 6 0 
12 7 30 0 18 6 3 1 
9 5
0 1
6 4
0 4
6 4
1 5
0 4
4 2
2 2 3 1 18 6 6 3 
5 2 2 3 29 1 20 6 
23 7 13 7 1 3 7 5 
12 3 15 5 26 5 25 2 
12 0 21 1 22 4 4 5 
29 3 5 2 16 2 22 7 
13 6 6 1 23 3 24 0 
2 1 21 6 31 6 19 0 
15 3 15 1 6 7 4 2 
22 3 12 6 14 6 19 6 
5 2 28 5 0 4 10 2 
2 1 13 0 8 1 11 4 
17 6 3 5 14 1 20 4 
17 3 30 5 17 2 2 3 
19 4 6 6 8 5 6 0 
12 7 30 0 18 6 3 1 
9 5
0 1
6 4
0 4
6 4
1 5
0 4
4 2
