5
26 5 10 1 20 3 27 4 
15 4 12 4 3 2 2 6 
23 6 13 6 3 4 1 6 
25 3 0 1 25 7 5 3 
29 5 12 5 5 2 5 4 
0 7 13 7 13 0 13 4 
17 5 14 6 24 4 28 2 
28 6 2 3 7 3 18 7 
24 5 15 1 20 3 18 0 
24 5 10 2 29 6 14 0 
0 7 18 5 12 5 5 6 
22 4 24 1 13 5 14 0 
22 2 21 7 28 6 10 4 
13 4 24 1 21 0 7 6 
15 6 29 1 22 2 8 2 
8 7 7 5 0 1 2 1 
4 2
3 4
3 0
6 3
2 2
6 5
3 3
0 4
26 5 10 1 20 3 27 4 
15 4 12 4 3 2 2 6 
23 6 13 6 3 4 1 6 
25 3 0 1 25 7 5 3 
29 5 12 5 5 2 5 4 
0 7 13 7 13 0 13 4 
17 5 14 6 24 4 28 2 
28 6 2 3 7 3 18 7 
24 5 15 1 20 3 18 0 
24 5 10 2 29 6 14 0 
0 7 18 5 12 5 5 6 
22 4 24 1 13 5 14 0 
22 2 21 7 28 6 10 4 
13 4 24 1 21 0 7 6 
15 6 29 1 22 2 8 2 
8 7 7 5 0 1 2 1 
4 2
3 4
3 0
6 3
2 2
6 5
3 3
0 4
26 5 10 1 20 3 27 4 
15 4 12 4 3 2 2 6 
23 6 13 6 3 4 1 6 
25 3 0 1 25 7 5 3 
29 5 12 5 5 2 5 4 
0 7 13 7 13 0 13 4 
17 5 14 6 24 4 28 2 
28 6 2 3 7 3 18 7 
24 5 15 1 20 3 18 0 
24 5 10 2 29 6 14 0 
0 7 18 5 12 5 5 6 
22 4 24 1 13 5 14 0 
22 2 21 7 28 6 10 4 
13 4 24 1 21 0 7 6 
15 6 29 1 22 2 8 2 
8 7 7 5 0 1 2 1 
4 2
3 4
3 0
6 3
2 2
6 5
3 3
0 4
14 2 3 7 24 5 17 0 
11 3 21 2 6 4 9 1 
16 1 3 2 7 4 12 4 
28 2 11 5 18 6 15 7 
18 0 21 7 22 0 13 3 
31 2 18 3 31 7 21 3 
9 1 8 4 5 7 22 5 
12 0 19 4 12 1 13 2 
23 3 27 1 31 0 28 6 
18 2 15 3 20 5 7 6 
24 1 17 3 0 5 5 2 
17 3 15 1 18 7 30 5 
2 2 26 0 21 6 12 4 
24 5 28 3 9 4 28 2 
21 3 27 6 30 2 14 2 
16 7 0 3 0 4 0 6 
8 0
4 0
1 4
5 1
1 1
2 4
10 2
5 3
14 2 3 7 24 5 17 0 
11 3 21 2 6 4 9 1 
16 1 3 2 7 4 12 4 
28 2 11 5 18 6 15 7 
18 0 21 7 22 0 13 3 
31 2 18 3 31 7 21 3 
9 1 8 4 5 7 22 5 
12 0 19 4 12 1 13 2 
23 3 27 1 31 0 28 6 
18 2 15 3 20 5 7 6 
24 1 17 3 0 5 5 2 
17 3 15 1 18 7 30 5 
2 2 26 0 21 6 12 4 
24 5 28 3 9 4 28 2 
21 3 27 6 30 2 14 2 
16 7 0 3 0 4 0 6 
8 0
4 0
1 4
5 1
1 1
2 4
10 2
5 3
