5
5 4 12 6 6 4 19 2 
20 2 28 7 5 1 6 2 
9 1 29 0 6 0 9 2 
10 3 7 7 18 1 2 5 
14 6 14 3 2 1 15 6 
22 6 11 5 19 5 24 0 
23 6 15 6 6 0 16 0 
30 2 7 7 14 7 27 7 
12 1 11 7 24 5 2 6 
5 7 29 7 28 5 6 7 
20 6 2 3 27 3 11 0 
7 0 16 5 21 1 4 1 
29 5 7 5 2 4 23 5 
21 2 30 6 8 1 11 7 
8 7 11 7 10 7 29 7 
10 2 1 0 6 6 31 5 
9 4
2 1
1 3
3 4
0 5
5 2
4 5
1 5
7 5 17 7 3 4 27 5 
8 6 14 6 27 5 2 2 
22 3 3 4 2 0 10 4 
0 4 5 3 16 1 14 7 
19 2 31 5 0 5 4 7 
0 1 22 7 8 1 4 4 
11 2 21 2 14 5 0 1 
31 3 2 1 18 4 30 3 
7 4 18 6 30 3 31 0 
12 5 28 5 19 2 28 6 
27 4 29 7 11 6 2 5 
1 4 13 7 28 5 20 3 
20 2 14 1 16 7 19 0 
14 0 6 3 2 5 20 0 
24 3 9 0 5 6 12 7 
9 4 7 0 6 6 11 1 
7 1
1 5
4 0
0 3
0 5
3 5
6 2
1 3
7 5 17 7 3 4 27 5 
8 6 14 6 27 5 2 2 
22 3 3 4 2 0 10 4 
0 4 5 3 16 1 14 7 
19 2 31 5 0 5 4 7 
0 1 22 7 8 1 4 4 
11 2 21 2 14 5 0 1 
31 3 2 1 18 4 30 3 
7 4 18 6 30 3 31 0 
12 5 28 5 19 2 28 6 
27 4 29 7 11 6 2 5 
1 4 13 7 28 5 20 3 
20 2 14 1 16 7 19 0 
14 0 6 3 2 5 20 0 
24 3 9 0 5 6 12 7 
9 4 7 0 6 6 11 1 
7 1
1 5
4 0
0 3
0 5
3 5
6 2
1 3
7 5 17 7 3 4 27 5 
8 6 14 6 27 5 2 2 
22 3 3 4 2 0 10 4 
0 4 5 3 16 1 14 7 
19 2 31 5 0 5 4 7 
0 1 22 7 8 1 4 4 
11 2 21 2 14 5 0 1 
31 3 2 1 18 4 30 3 
7 4 18 6 30 3 31 0 
12 5 28 5 19 2 28 6 
27 4 29 7 11 6 2 5 
1 4 13 7 28 5 20 3 
20 2 14 1 16 7 19 0 
14 0 6 3 2 5 20 0 
24 3 9 0 5 6 12 7 
9 4 7 0 6 6 11 1 
7 1
1 5
4 0
0 3
0 5
3 5
6 2
1 3
5 4 12 6 6 4 19 2 
20 2 28 7 5 1 6 2 
9 1 29 0 6 0 9 2 
10 3 7 7 18 1 2 5 
14 6 14 3 2 1 15 6 
22 6 11 5 19 5 24 0 
23 6 15 6 6 0 16 0 
30 2 7 7 14 7 27 7 
12 1 11 7 24 5 2 6 
5 7 29 7 28 5 6 7 
20 6 2 3 27 3 11 0 
7 0 16 5 21 1 4 1 
29 5 7 5 2 4 23 5 
21 2 30 6 8 1 11 7 
8 7 11 7 10 7 29 7 
10 2 1 0 6 6 31 5 
9 4
2 1
1 3
3 4
0 5
5 2
4 5
1 5
