5
8 7 28 3 9 4 1 0 
0 3 11 1 29 7 25 2 
20 4 21 5 27 7 19 5 
30 7 8 0 15 0 19 3 
19 7 19 2 14 2 28 7 
24 0 7 0 6 2 10 5 
4 0 0 4 12 5 23 2 
12 7 27 7 25 2 0 3 
26 0 19 1 17 7 1 3 
13 7 14 0 13 3 2 6 
14 5 1 7 30 7 21 1 
17 0 20 2 19 0 19 0 
5 2 24 1 23 2 14 4 
18 4 6 2 10 2 26 0 
15 3 10 6 18 6 1 5 
19 4 9 7 8 7 18 1 
8 0
0 1
10 1
2 4
7 4
0 2
5 1
2 4
8 7 28 3 9 4 1 0 
0 3 11 1 29 7 25 2 
20 4 21 5 27 7 19 5 
30 7 8 0 15 0 19 3 
19 7 19 2 14 2 28 7 
24 0 7 0 6 2 10 5 
4 0 0 4 12 5 23 2 
12 7 27 7 25 2 0 3 
26 0 19 1 17 7 1 3 
13 7 14 0 13 3 2 6 
14 5 1 7 30 7 21 1 
17 0 20 2 19 0 19 0 
5 2 24 1 23 2 14 4 
18 4 6 2 10 2 26 0 
15 3 10 6 18 6 1 5 
19 4 9 7 8 7 18 1 
8 0
0 1
10 1
2 4
7 4
0 2
5 1
2 4
8 7 28 3 9 4 1 0 
0 3 11 1 29 7 25 2 
20 4 21 5 27 7 19 5 
30 7 8 0 15 0 19 3 
19 7 19 2 14 2 28 7 
24 0 7 0 6 2 10 5 
4 0 0 4 12 5 23 2 
12 7 27 7 25 2 0 3 
26 0 19 1 17 7 1 3 
13 7 14 0 13 3 2 6 
14 5 1 7 30 7 21 1 
17 0 20 2 19 0 19 0 
5 2 24 1 23 2 14 4 
18 4 6 2 10 2 26 0 
15 3 10 6 18 6 1 5 
19 4 9 7 8 7 18 1 
8 0
0 1
10 1
2 4
7 4
0 2
5 1
2 4
8 7 28 3 9 4 1 0 
0 3 11 1 29 7 25 2 
20 4 21 5 27 7 19 5 
30 7 8 0 15 0 19 3 
19 7 19 2 14 2 28 7 
24 0 7 0 6 2 10 5 
4 0 0 4 12 5 23 2 
12 7 27 7 25 2 0 3 
26 0 19 1 17 7 1 3 
13 7 14 0 13 3 2 6 
14 5 1 7 30 7 21 1 
17 0 20 2 19 0 19 0 
5 2 24 1 23 2 14 4 
18 4 6 2 10 2 26 0 
15 3 10 6 18 6 1 5 
19 4 9 7 8 7 18 1 
8 0
0 1
10 1
2 4
7 4
0 2
5 1
2 4
8 7 28 3 9 4 1 0 
0 3 11 1 29 7 25 2 
20 4 21 5 27 7 19 5 
30 7 8 0 15 0 19 3 
19 7 19 2 14 2 28 7 
24 0 7 0 6 2 10 5 
4 0 0 4 12 5 23 2 
12 7 27 7 25 2 0 3 
26 0 19 1 17 7 1 3 
13 7 14 0 13 3 2 6 
14 5 1 7 30 7 21 1 
17 0 20 2 19 0 19 0 
5 2 24 1 23 2 14 4 
18 4 6 2 10 2 26 0 
15 3 10 6 18 6 1 5 
19 4 9 7 8 7 18 1 
8 0
0 1
10 1
2 4
7 4
0 2
5 1
2 4
