5
11 1 18 0 2 7 15 6 
7 6 29 2 21 4 23 1 
0 6 21 3 26 2 30 1 
22 1 26 2 19 3 0 7 
20 2 3 5 15 6 27 4 
11 7 10 4 27 3 13 5 
7 6 5 1 22 6 26 5 
3 2 4 3 5 1 24 5 
12 1 30 5 29 3 6 0 
13 5 22 2 28 3 25 1 
8 5 27 1 23 3 2 6 
23 0 0 1 9 5 21 1 
5 1 27 6 22 1 24 5 
12 4 20 3 22 3 11 6 
1 1 4 0 4 2 8 1 
20 3 20 1 31 6 23 4 
5 5
1 5
8 1
4 1
0 2
9 4
5 1
3 0
11 1 18 0 2 7 15 6 
7 6 29 2 21 4 23 1 
0 6 21 3 26 2 30 1 
22 1 26 2 19 3 0 7 
20 2 3 5 15 6 27 4 
11 7 10 4 27 3 13 5 
7 6 5 1 22 6 26 5 
3 2 4 3 5 1 24 5 
12 1 30 5 29 3 6 0 
13 5 22 2 28 3 25 1 
8 5 27 1 23 3 2 6 
23 0 0 1 9 5 21 1 
5 1 27 6 22 1 24 5 
12 4 20 3 22 3 11 6 
1 1 4 0 4 2 8 1 
20 3 20 1 31 6 23 4 
5 5
1 5
8 1
4 1
0 2
9 4
5 1
3 0
11 1 18 0 2 7 15 6 
7 6 29 2 21 4 23 1 
0 6 21 3 26 2 30 1 
22 1 26 2 19 3 0 7 
20 2 3 5 15 6 27 4 
11 7 10 4 27 3 13 5 
7 6 5 1 22 6 26 5 
3 2 4 3 5 1 24 5 
12 1 30 5 29 3 6 0 
13 5 22 2 28 3 25 1 
8 5 27 1 23 3 2 6 
23 0 0 1 9 5 21 1 
5 1 27 6 22 1 24 5 
12 4 20 3 22 3 11 6 
1 1 4 0 4 2 8 1 
20 3 20 1 31 6 23 4 
5 5
1 5
8 1
4 1
0 2
9 4
5 1
3 0
11 1 18 0 2 7 15 6 
7 6 29 2 21 4 23 1 
0 6 21 3 26 2 30 1 
22 1 26 2 19 3 0 7 
20 2 3 5 15 6 27 4 
11 7 10 4 27 3 13 5 
7 6 5 1 22 6 26 5 
3 2 4 3 5 1 24 5 
12 1 30 5 29 3 6 0 
13 5 22 2 28 3 25 1 
8 5 27 1 23 3 2 6 
23 0 0 1 9 5 21 1 
5 1 27 6 22 1 24 5 
12 4 20 3 22 3 11 6 
1 1 4 0 4 2 8 1 
20 3 20 1 31 6 23 4 
5 5
1 5
8 1
4 1
0 2
9 4
5 1
3 0
11 1 18 0 2 7 15 6 
7 6 29 2 21 4 23 1 
0 6 21 3 26 2 30 1 
22 1 26 2 19 3 0 7 
20 2 3 5 15 6 27 4 
11 7 10 4 27 3 13 5 
7 6 5 1 22 6 26 5 
3 2 4 3 5 1 24 5 
12 1 30 5 29 3 6 0 
13 5 22 2 28 3 25 1 
8 5 27 1 23 3 2 6 
23 0 0 1 9 5 21 1 
5 1 27 6 22 1 24 5 
12 4 20 3 22 3 11 6 
1 1 4 0 4 2 8 1 
20 3 20 1 31 6 23 4 
5 5
1 5
8 1
4 1
0 2
9 4
5 1
3 0
