5
20 0 13 2 29 5 21 6 
8 0 23 1 12 2 25 3 
9 0 26 5 12 7 2 5 
19 3 26 7 6 4 18 4 
10 1 18 4 16 1 25 5 
20 2 7 5 26 1 1 5 
23 2 6 3 7 0 25 0 
9 1 12 5 10 6 15 6 
8 5 7 1 8 4 1 4 
29 1 1 5 16 4 25 1 
26 7 19 1 4 5 22 3 
22 5 7 3 27 0 16 2 
26 6 13 0 1 4 28 4 
6 2 26 4 11 7 27 0 
3 0 31 4 26 4 17 3 
30 7 18 4 26 4 5 2 
2 2
4 1
5 1
0 0
3 1
0 3
2 3
7 5
19 4 9 3 6 2 13 0 
24 2 27 2 24 7 24 6 
6 7 18 0 5 2 20 3 
11 5 22 0 26 6 13 5 
18 2 29 2 18 4 2 3 
4 7 13 3 28 5 29 6 
4 2 17 1 1 4 31 7 
0 7 20 0 9 1 7 3 
8 6 6 1 29 7 20 6 
31 6 25 2 23 2 26 6 
9 3 30 4 18 0 15 4 
29 4 28 4 18 4 26 6 
12 2 16 5 10 4 18 0 
18 1 8 4 31 2 4 7 
19 3 9 7 19 3 11 0 
23 3 23 5 20 1 27 3 
6 3
5 2
5 5
2 3
2 4
8 2
2 0
2 3
19 4 9 3 6 2 13 0 
24 2 27 2 24 7 24 6 
6 7 18 0 5 2 20 3 
11 5 22 0 26 6 13 5 
18 2 29 2 18 4 2 3 
4 7 13 3 28 5 29 6 
4 2 17 1 1 4 31 7 
0 7 20 0 9 1 7 3 
8 6 6 1 29 7 20 6 
31 6 25 2 23 2 26 6 
9 3 30 4 18 0 15 4 
29 4 28 4 18 4 26 6 
12 2 16 5 10 4 18 0 
18 1 8 4 31 2 4 7 
19 3 9 7 19 3 11 0 
23 3 23 5 20 1 27 3 
6 3
5 2
5 5
2 3
2 4
8 2
2 0
2 3
20 0 13 2 29 5 21 6 
8 0 23 1 12 2 25 3 
9 0 26 5 12 7 2 5 
19 3 26 7 6 4 18 4 
10 1 18 4 16 1 25 5 
20 2 7 5 26 1 1 5 
23 2 6 3 7 0 25 0 
9 1 12 5 10 6 15 6 
8 5 7 1 8 4 1 4 
29 1 1 5 16 4 25 1 
26 7 19 1 4 5 22 3 
22 5 7 3 27 0 16 2 
26 6 13 0 1 4 28 4 
6 2 26 4 11 7 27 0 
3 0 31 4 26 4 17 3 
30 7 18 4 26 4 5 2 
2 2
4 1
5 1
0 0
3 1
0 3
2 3
7 5
19 4 9 3 6 2 13 0 
24 2 27 2 24 7 24 6 
6 7 18 0 5 2 20 3 
11 5 22 0 26 6 13 5 
18 2 29 2 18 4 2 3 
4 7 13 3 28 5 29 6 
4 2 17 1 1 4 31 7 
0 7 20 0 9 1 7 3 
8 6 6 1 29 7 20 6 
31 6 25 2 23 2 26 6 
9 3 30 4 18 0 15 4 
29 4 28 4 18 4 26 6 
12 2 16 5 10 4 18 0 
18 1 8 4 31 2 4 7 
19 3 9 7 19 3 11 0 
23 3 23 5 20 1 27 3 
6 3
5 2
5 5
2 3
2 4
8 2
2 0
2 3
