5
7 6 15 7 4 0 19 0 
25 5 31 0 30 0 21 7 
0 1 31 7 12 5 1 7 
15 4 7 1 30 1 0 6 
15 1 26 6 13 6 6 3 
9 5 27 5 2 2 29 7 
26 4 31 1 6 4 26 2 
31 3 0 5 19 2 29 4 
27 3 19 1 30 3 10 7 
13 2 1 7 24 2 3 0 
6 3 0 0 19 4 4 1 
18 3 8 6 15 0 9 5 
8 0 25 3 3 7 23 4 
30 5 23 4 1 4 8 4 
11 0 28 0 1 6 12 4 
7 5 20 2 21 6 28 4 
7 3
6 1
0 3
9 1
6 0
1 4
5 5
7 5
7 6 15 7 4 0 19 0 
25 5 31 0 30 0 21 7 
0 1 31 7 12 5 1 7 
15 4 7 1 30 1 0 6 
15 1 26 6 13 6 6 3 
9 5 27 5 2 2 29 7 
26 4 31 1 6 4 26 2 
31 3 0 5 19 2 29 4 
27 3 19 1 30 3 10 7 
13 2 1 7 24 2 3 0 
6 3 0 0 19 4 4 1 
18 3 8 6 15 0 9 5 
8 0 25 3 3 7 23 4 
30 5 23 4 1 4 8 4 
11 0 28 0 1 6 12 4 
7 5 20 2 21 6 28 4 
7 3
6 1
0 3
9 1
6 0
1 4
5 5
7 5
7 6 15 7 4 0 19 0 
25 5 31 0 30 0 21 7 
0 1 31 7 12 5 1 7 
15 4 7 1 30 1 0 6 
15 1 26 6 13 6 6 3 
9 5 27 5 2 2 29 7 
26 4 31 1 6 4 26 2 
31 3 0 5 19 2 29 4 
27 3 19 1 30 3 10 7 
13 2 1 7 24 2 3 0 
6 3 0 0 19 4 4 1 
18 3 8 6 15 0 9 5 
8 0 25 3 3 7 23 4 
30 5 23 4 1 4 8 4 
11 0 28 0 1 6 12 4 
7 5 20 2 21 6 28 4 
7 3
6 1
0 3
9 1
6 0
1 4
5 5
7 5
7 6 15 7 4 0 19 0 
25 5 31 0 30 0 21 7 
0 1 31 7 12 5 1 7 
15 4 7 1 30 1 0 6 
15 1 26 6 13 6 6 3 
9 5 27 5 2 2 29 7 
26 4 31 1 6 4 26 2 
31 3 0 5 19 2 29 4 
27 3 19 1 30 3 10 7 
13 2 1 7 24 2 3 0 
6 3 0 0 19 4 4 1 
18 3 8 6 15 0 9 5 
8 0 25 3 3 7 23 4 
30 5 23 4 1 4 8 4 
11 0 28 0 1 6 12 4 
7 5 20 2 21 6 28 4 
7 3
6 1
0 3
9 1
6 0
1 4
5 5
7 5
7 6 15 7 4 0 19 0 
25 5 31 0 30 0 21 7 
0 1 31 7 12 5 1 7 
15 4 7 1 30 1 0 6 
15 1 26 6 13 6 6 3 
9 5 27 5 2 2 29 7 
26 4 31 1 6 4 26 2 
31 3 0 5 19 2 29 4 
27 3 19 1 30 3 10 7 
13 2 1 7 24 2 3 0 
6 3 0 0 19 4 4 1 
18 3 8 6 15 0 9 5 
8 0 25 3 3 7 23 4 
30 5 23 4 1 4 8 4 
11 0 28 0 1 6 12 4 
7 5 20 2 21 6 28 4 
7 3
6 1
0 3
9 1
6 0
1 4
5 5
7 5
