5
22 2 8 5 4 0 15 2 
27 2 4 2 7 1 22 2 
5 6 24 1 11 5 14 3 
16 4 16 7 0 3 7 4 
13 6 25 5 31 2 16 5 
18 2 12 6 22 4 2 5 
7 7 12 2 9 6 10 1 
3 7 18 0 24 3 13 5 
9 1 24 7 9 0 23 3 
11 4 16 5 22 7 0 1 
2 1 15 7 24 7 29 5 
13 6 6 5 9 4 2 7 
3 6 23 0 10 7 30 6 
22 0 5 4 19 7 20 6 
3 7 1 7 25 6 18 6 
7 3 5 6 1 1 24 3 
8 5
8 3
2 3
7 1
1 2
7 4
5 0
1 5
22 2 8 5 4 0 15 2 
27 2 4 2 7 1 22 2 
5 6 24 1 11 5 14 3 
16 4 16 7 0 3 7 4 
13 6 25 5 31 2 16 5 
18 2 12 6 22 4 2 5 
7 7 12 2 9 6 10 1 
3 7 18 0 24 3 13 5 
9 1 24 7 9 0 23 3 
11 4 16 5 22 7 0 1 
2 1 15 7 24 7 29 5 
13 6 6 5 9 4 2 7 
3 6 23 0 10 7 30 6 
22 0 5 4 19 7 20 6 
3 7 1 7 25 6 18 6 
7 3 5 6 1 1 24 3 
8 5
8 3
2 3
7 1
1 2
7 4
5 0
1 5
22 2 8 5 4 0 15 2 
27 2 4 2 7 1 22 2 
5 6 24 1 11 5 14 3 
16 4 16 7 0 3 7 4 
13 6 25 5 31 2 16 5 
18 2 12 6 22 4 2 5 
7 7 12 2 9 6 10 1 
3 7 18 0 24 3 13 5 
9 1 24 7 9 0 23 3 
11 4 16 5 22 7 0 1 
2 1 15 7 24 7 29 5 
13 6 6 5 9 4 2 7 
3 6 23 0 10 7 30 6 
22 0 5 4 19 7 20 6 
3 7 1 7 25 6 18 6 
7 3 5 6 1 1 24 3 
8 5
8 3
2 3
7 1
1 2
7 4
5 0
1 5
22 2 8 5 4 0 15 2 
27 2 4 2 7 1 22 2 
5 6 24 1 11 5 14 3 
16 4 16 7 0 3 7 4 
13 6 25 5 31 2 16 5 
18 2 12 6 22 4 2 5 
7 7 12 2 9 6 10 1 
3 7 18 0 24 3 13 5 
9 1 24 7 9 0 23 3 
11 4 16 5 22 7 0 1 
2 1 15 7 24 7 29 5 
13 6 6 5 9 4 2 7 
3 6 23 0 10 7 30 6 
22 0 5 4 19 7 20 6 
3 7 1 7 25 6 18 6 
7 3 5 6 1 1 24 3 
8 5
8 3
2 3
7 1
1 2
7 4
5 0
1 5
22 2 8 5 4 0 15 2 
27 2 4 2 7 1 22 2 
5 6 24 1 11 5 14 3 
16 4 16 7 0 3 7 4 
13 6 25 5 31 2 16 5 
18 2 12 6 22 4 2 5 
7 7 12 2 9 6 10 1 
3 7 18 0 24 3 13 5 
9 1 24 7 9 0 23 3 
11 4 16 5 22 7 0 1 
2 1 15 7 24 7 29 5 
13 6 6 5 9 4 2 7 
3 6 23 0 10 7 30 6 
22 0 5 4 19 7 20 6 
3 7 1 7 25 6 18 6 
7 3 5 6 1 1 24 3 
8 5
8 3
2 3
7 1
1 2
7 4
5 0
1 5
