5
18 5 12 6 29 1 6 4 
16 7 13 5 11 7 0 2 
3 4 19 2 26 5 11 4 
28 2 29 4 21 5 13 1 
11 3 18 2 29 4 11 7 
15 5 29 5 22 2 28 1 
9 3 4 7 1 0 14 6 
25 0 4 5 20 7 16 0 
22 3 7 4 3 1 30 0 
26 0 4 3 4 2 19 6 
12 7 27 7 9 6 31 0 
27 6 9 3 6 4 30 3 
3 4 26 1 27 5 19 2 
16 6 21 6 31 2 14 2 
15 3 0 0 4 6 29 4 
0 4 17 6 30 2 5 3 
8 4
9 1
8 0
0 1
3 3
2 0
10 2
1 5
18 5 12 6 29 1 6 4 
16 7 13 5 11 7 0 2 
3 4 19 2 26 5 11 4 
28 2 29 4 21 5 13 1 
11 3 18 2 29 4 11 7 
15 5 29 5 22 2 28 1 
9 3 4 7 1 0 14 6 
25 0 4 5 20 7 16 0 
22 3 7 4 3 1 30 0 
26 0 4 3 4 2 19 6 
12 7 27 7 9 6 31 0 
27 6 9 3 6 4 30 3 
3 4 26 1 27 5 19 2 
16 6 21 6 31 2 14 2 
15 3 0 0 4 6 29 4 
0 4 17 6 30 2 5 3 
8 4
9 1
8 0
0 1
3 3
2 0
10 2
1 5
18 5 12 6 29 1 6 4 
16 7 13 5 11 7 0 2 
3 4 19 2 26 5 11 4 
28 2 29 4 21 5 13 1 
11 3 18 2 29 4 11 7 
15 5 29 5 22 2 28 1 
9 3 4 7 1 0 14 6 
25 0 4 5 20 7 16 0 
22 3 7 4 3 1 30 0 
26 0 4 3 4 2 19 6 
12 7 27 7 9 6 31 0 
27 6 9 3 6 4 30 3 
3 4 26 1 27 5 19 2 
16 6 21 6 31 2 14 2 
15 3 0 0 4 6 29 4 
0 4 17 6 30 2 5 3 
8 4
9 1
8 0
0 1
3 3
2 0
10 2
1 5
18 5 12 6 29 1 6 4 
16 7 13 5 11 7 0 2 
3 4 19 2 26 5 11 4 
28 2 29 4 21 5 13 1 
11 3 18 2 29 4 11 7 
15 5 29 5 22 2 28 1 
9 3 4 7 1 0 14 6 
25 0 4 5 20 7 16 0 
22 3 7 4 3 1 30 0 
26 0 4 3 4 2 19 6 
12 7 27 7 9 6 31 0 
27 6 9 3 6 4 30 3 
3 4 26 1 27 5 19 2 
16 6 21 6 31 2 14 2 
15 3 0 0 4 6 29 4 
0 4 17 6 30 2 5 3 
8 4
9 1
8 0
0 1
3 3
2 0
10 2
1 5
18 5 12 6 29 1 6 4 
16 7 13 5 11 7 0 2 
3 4 19 2 26 5 11 4 
28 2 29 4 21 5 13 1 
11 3 18 2 29 4 11 7 
15 5 29 5 22 2 28 1 
9 3 4 7 1 0 14 6 
25 0 4 5 20 7 16 0 
22 3 7 4 3 1 30 0 
26 0 4 3 4 2 19 6 
12 7 27 7 9 6 31 0 
27 6 9 3 6 4 30 3 
3 4 26 1 27 5 19 2 
16 6 21 6 31 2 14 2 
15 3 0 0 4 6 29 4 
0 4 17 6 30 2 5 3 
8 4
9 1
8 0
0 1
3 3
2 0
10 2
1 5
