5
9 5 29 4 12 2 26 7 
23 2 11 4 31 3 15 3 
3 4 24 5 29 7 16 0 
23 1 2 2 15 1 9 5 
13 5 27 6 22 6 18 7 
5 0 5 7 8 5 13 2 
16 6 20 6 15 1 1 0 
6 5 2 5 4 2 22 1 
31 3 30 5 30 0 9 7 
25 4 15 0 10 7 25 6 
22 2 19 6 15 5 30 5 
13 0 15 5 25 4 31 6 
7 6 28 0 8 3 0 7 
11 4 6 4 18 4 12 0 
30 2 11 2 9 1 15 4 
26 3 12 3 0 2 18 3 
2 4
5 0
2 3
1 4
1 5
1 5
7 4
4 2
9 5 29 4 12 2 26 7 
23 2 11 4 31 3 15 3 
3 4 24 5 29 7 16 0 
23 1 2 2 15 1 9 5 
13 5 27 6 22 6 18 7 
5 0 5 7 8 5 13 2 
16 6 20 6 15 1 1 0 
6 5 2 5 4 2 22 1 
31 3 30 5 30 0 9 7 
25 4 15 0 10 7 25 6 
22 2 19 6 15 5 30 5 
13 0 15 5 25 4 31 6 
7 6 28 0 8 3 0 7 
11 4 6 4 18 4 12 0 
30 2 11 2 9 1 15 4 
26 3 12 3 0 2 18 3 
2 4
5 0
2 3
1 4
1 5
1 5
7 4
4 2
9 5 29 4 12 2 26 7 
23 2 11 4 31 3 15 3 
3 4 24 5 29 7 16 0 
23 1 2 2 15 1 9 5 
13 5 27 6 22 6 18 7 
5 0 5 7 8 5 13 2 
16 6 20 6 15 1 1 0 
6 5 2 5 4 2 22 1 
31 3 30 5 30 0 9 7 
25 4 15 0 10 7 25 6 
22 2 19 6 15 5 30 5 
13 0 15 5 25 4 31 6 
7 6 28 0 8 3 0 7 
11 4 6 4 18 4 12 0 
30 2 11 2 9 1 15 4 
26 3 12 3 0 2 18 3 
2 4
5 0
2 3
1 4
1 5
1 5
7 4
4 2
9 5 29 4 12 2 26 7 
23 2 11 4 31 3 15 3 
3 4 24 5 29 7 16 0 
23 1 2 2 15 1 9 5 
13 5 27 6 22 6 18 7 
5 0 5 7 8 5 13 2 
16 6 20 6 15 1 1 0 
6 5 2 5 4 2 22 1 
31 3 30 5 30 0 9 7 
25 4 15 0 10 7 25 6 
22 2 19 6 15 5 30 5 
13 0 15 5 25 4 31 6 
7 6 28 0 8 3 0 7 
11 4 6 4 18 4 12 0 
30 2 11 2 9 1 15 4 
26 3 12 3 0 2 18 3 
2 4
5 0
2 3
1 4
1 5
1 5
7 4
4 2
9 5 29 4 12 2 26 7 
23 2 11 4 31 3 15 3 
3 4 24 5 29 7 16 0 
23 1 2 2 15 1 9 5 
13 5 27 6 22 6 18 7 
5 0 5 7 8 5 13 2 
16 6 20 6 15 1 1 0 
6 5 2 5 4 2 22 1 
31 3 30 5 30 0 9 7 
25 4 15 0 10 7 25 6 
22 2 19 6 15 5 30 5 
13 0 15 5 25 4 31 6 
7 6 28 0 8 3 0 7 
11 4 6 4 18 4 12 0 
30 2 11 2 9 1 15 4 
26 3 12 3 0 2 18 3 
2 4
5 0
2 3
1 4
1 5
1 5
7 4
4 2
