5
3 5 17 4 27 1 12 7 
18 4 4 2 16 2 10 3 
18 6 17 3 8 2 26 7 
5 0 19 3 2 3 21 4 
16 7 14 5 22 2 12 4 
23 6 23 4 19 4 4 4 
30 4 25 0 3 6 3 1 
26 3 23 2 29 4 14 0 
15 0 16 0 21 7 2 0 
4 4 16 6 17 5 22 5 
13 2 23 4 25 0 21 0 
26 7 7 1 15 5 26 0 
5 2 15 0 1 7 3 2 
0 7 31 0 7 1 31 0 
6 0 29 6 28 1 24 1 
20 4 23 4 17 4 20 3 
3 5
7 0
0 0
5 1
0 5
0 0
0 4
5 4
3 5 17 4 27 1 12 7 
18 4 4 2 16 2 10 3 
18 6 17 3 8 2 26 7 
5 0 19 3 2 3 21 4 
16 7 14 5 22 2 12 4 
23 6 23 4 19 4 4 4 
30 4 25 0 3 6 3 1 
26 3 23 2 29 4 14 0 
15 0 16 0 21 7 2 0 
4 4 16 6 17 5 22 5 
13 2 23 4 25 0 21 0 
26 7 7 1 15 5 26 0 
5 2 15 0 1 7 3 2 
0 7 31 0 7 1 31 0 
6 0 29 6 28 1 24 1 
20 4 23 4 17 4 20 3 
3 5
7 0
0 0
5 1
0 5
0 0
0 4
5 4
3 5 17 4 27 1 12 7 
18 4 4 2 16 2 10 3 
18 6 17 3 8 2 26 7 
5 0 19 3 2 3 21 4 
16 7 14 5 22 2 12 4 
23 6 23 4 19 4 4 4 
30 4 25 0 3 6 3 1 
26 3 23 2 29 4 14 0 
15 0 16 0 21 7 2 0 
4 4 16 6 17 5 22 5 
13 2 23 4 25 0 21 0 
26 7 7 1 15 5 26 0 
5 2 15 0 1 7 3 2 
0 7 31 0 7 1 31 0 
6 0 29 6 28 1 24 1 
20 4 23 4 17 4 20 3 
3 5
7 0
0 0
5 1
0 5
0 0
0 4
5 4
3 5 17 4 27 1 12 7 
18 4 4 2 16 2 10 3 
18 6 17 3 8 2 26 7 
5 0 19 3 2 3 21 4 
16 7 14 5 22 2 12 4 
23 6 23 4 19 4 4 4 
30 4 25 0 3 6 3 1 
26 3 23 2 29 4 14 0 
15 0 16 0 21 7 2 0 
4 4 16 6 17 5 22 5 
13 2 23 4 25 0 21 0 
26 7 7 1 15 5 26 0 
5 2 15 0 1 7 3 2 
0 7 31 0 7 1 31 0 
6 0 29 6 28 1 24 1 
20 4 23 4 17 4 20 3 
3 5
7 0
0 0
5 1
0 5
0 0
0 4
5 4
3 5 17 4 27 1 12 7 
18 4 4 2 16 2 10 3 
18 6 17 3 8 2 26 7 
5 0 19 3 2 3 21 4 
16 7 14 5 22 2 12 4 
23 6 23 4 19 4 4 4 
30 4 25 0 3 6 3 1 
26 3 23 2 29 4 14 0 
15 0 16 0 21 7 2 0 
4 4 16 6 17 5 22 5 
13 2 23 4 25 0 21 0 
26 7 7 1 15 5 26 0 
5 2 15 0 1 7 3 2 
0 7 31 0 7 1 31 0 
6 0 29 6 28 1 24 1 
20 4 23 4 17 4 20 3 
3 5
7 0
0 0
5 1
0 5
0 0
0 4
5 4
