5
29 7 29 1 9 5 11 3 
1 3 13 1 13 0 8 3 
24 0 21 4 17 0 4 7 
0 6 23 3 0 2 26 2 
29 7 24 5 3 5 30 6 
7 1 16 4 19 5 21 3 
11 4 11 7 10 3 10 5 
11 1 18 5 30 7 12 1 
29 3 12 5 25 4 31 4 
22 6 25 5 2 4 5 2 
28 5 12 7 11 3 2 3 
17 0 5 2 20 5 18 3 
20 3 16 2 5 3 4 4 
22 2 8 6 7 1 19 2 
1 4 24 0 16 6 17 6 
3 5 30 1 30 3 22 1 
2 5
0 3
0 0
5 2
5 2
2 0
2 3
10 5
29 7 29 1 9 5 11 3 
1 3 13 1 13 0 8 3 
24 0 21 4 17 0 4 7 
0 6 23 3 0 2 26 2 
29 7 24 5 3 5 30 6 
7 1 16 4 19 5 21 3 
11 4 11 7 10 3 10 5 
11 1 18 5 30 7 12 1 
29 3 12 5 25 4 31 4 
22 6 25 5 2 4 5 2 
28 5 12 7 11 3 2 3 
17 0 5 2 20 5 18 3 
20 3 16 2 5 3 4 4 
22 2 8 6 7 1 19 2 
1 4 24 0 16 6 17 6 
3 5 30 1 30 3 22 1 
2 5
0 3
0 0
5 2
5 2
2 0
2 3
10 5
29 7 29 1 9 5 11 3 
1 3 13 1 13 0 8 3 
24 0 21 4 17 0 4 7 
0 6 23 3 0 2 26 2 
29 7 24 5 3 5 30 6 
7 1 16 4 19 5 21 3 
11 4 11 7 10 3 10 5 
11 1 18 5 30 7 12 1 
29 3 12 5 25 4 31 4 
22 6 25 5 2 4 5 2 
28 5 12 7 11 3 2 3 
17 0 5 2 20 5 18 3 
20 3 16 2 5 3 4 4 
22 2 8 6 7 1 19 2 
1 4 24 0 16 6 17 6 
3 5 30 1 30 3 22 1 
2 5
0 3
0 0
5 2
5 2
2 0
2 3
10 5
29 7 29 1 9 5 11 3 
1 3 13 1 13 0 8 3 
24 0 21 4 17 0 4 7 
0 6 23 3 0 2 26 2 
29 7 24 5 3 5 30 6 
7 1 16 4 19 5 21 3 
11 4 11 7 10 3 10 5 
11 1 18 5 30 7 12 1 
29 3 12 5 25 4 31 4 
22 6 25 5 2 4 5 2 
28 5 12 7 11 3 2 3 
17 0 5 2 20 5 18 3 
20 3 16 2 5 3 4 4 
22 2 8 6 7 1 19 2 
1 4 24 0 16 6 17 6 
3 5 30 1 30 3 22 1 
2 5
0 3
0 0
5 2
5 2
2 0
2 3
10 5
29 7 29 1 9 5 11 3 
1 3 13 1 13 0 8 3 
24 0 21 4 17 0 4 7 
0 6 23 3 0 2 26 2 
29 7 24 5 3 5 30 6 
7 1 16 4 19 5 21 3 
11 4 11 7 10 3 10 5 
11 1 18 5 30 7 12 1 
29 3 12 5 25 4 31 4 
22 6 25 5 2 4 5 2 
28 5 12 7 11 3 2 3 
17 0 5 2 20 5 18 3 
20 3 16 2 5 3 4 4 
22 2 8 6 7 1 19 2 
1 4 24 0 16 6 17 6 
3 5 30 1 30 3 22 1 
2 5
0 3
0 0
5 2
5 2
2 0
2 3
10 5
