5
11 3 0 7 0 7 11 1 
17 1 16 0 12 5 6 0 
15 7 14 5 29 3 21 7 
18 3 31 1 9 7 0 6 
5 6 5 0 28 3 20 4 
22 2 7 0 5 2 0 2 
2 7 25 2 26 3 17 3 
25 3 2 1 24 0 7 5 
17 3 31 4 19 6 2 2 
9 2 0 7 30 0 13 4 
31 2 24 2 27 0 15 5 
25 4 30 1 4 0 2 4 
8 2 3 7 24 2 25 7 
19 0 8 3 15 4 5 1 
6 7 18 3 12 4 13 0 
10 7 23 4 12 4 20 3 
5 1
1 4
5 0
9 3
7 3
2 4
6 1
0 2
11 3 0 7 0 7 11 1 
17 1 16 0 12 5 6 0 
15 7 14 5 29 3 21 7 
18 3 31 1 9 7 0 6 
5 6 5 0 28 3 20 4 
22 2 7 0 5 2 0 2 
2 7 25 2 26 3 17 3 
25 3 2 1 24 0 7 5 
17 3 31 4 19 6 2 2 
9 2 0 7 30 0 13 4 
31 2 24 2 27 0 15 5 
25 4 30 1 4 0 2 4 
8 2 3 7 24 2 25 7 
19 0 8 3 15 4 5 1 
6 7 18 3 12 4 13 0 
10 7 23 4 12 4 20 3 
5 1
1 4
5 0
9 3
7 3
2 4
6 1
0 2
11 3 0 7 0 7 11 1 
17 1 16 0 12 5 6 0 
15 7 14 5 29 3 21 7 
18 3 31 1 9 7 0 6 
5 6 5 0 28 3 20 4 
22 2 7 0 5 2 0 2 
2 7 25 2 26 3 17 3 
25 3 2 1 24 0 7 5 
17 3 31 4 19 6 2 2 
9 2 0 7 30 0 13 4 
31 2 24 2 27 0 15 5 
25 4 30 1 4 0 2 4 
8 2 3 7 24 2 25 7 
19 0 8 3 15 4 5 1 
6 7 18 3 12 4 13 0 
10 7 23 4 12 4 20 3 
5 1
1 4
5 0
9 3
7 3
2 4
6 1
0 2
11 3 0 7 0 7 11 1 
17 1 16 0 12 5 6 0 
15 7 14 5 29 3 21 7 
18 3 31 1 9 7 0 6 
5 6 5 0 28 3 20 4 
22 2 7 0 5 2 0 2 
2 7 25 2 26 3 17 3 
25 3 2 1 24 0 7 5 
17 3 31 4 19 6 2 2 
9 2 0 7 30 0 13 4 
31 2 24 2 27 0 15 5 
25 4 30 1 4 0 2 4 
8 2 3 7 24 2 25 7 
19 0 8 3 15 4 5 1 
6 7 18 3 12 4 13 0 
10 7 23 4 12 4 20 3 
5 1
1 4
5 0
9 3
7 3
2 4
6 1
0 2
11 3 0 7 0 7 11 1 
17 1 16 0 12 5 6 0 
15 7 14 5 29 3 21 7 
18 3 31 1 9 7 0 6 
5 6 5 0 28 3 20 4 
22 2 7 0 5 2 0 2 
2 7 25 2 26 3 17 3 
25 3 2 1 24 0 7 5 
17 3 31 4 19 6 2 2 
9 2 0 7 30 0 13 4 
31 2 24 2 27 0 15 5 
25 4 30 1 4 0 2 4 
8 2 3 7 24 2 25 7 
19 0 8 3 15 4 5 1 
6 7 18 3 12 4 13 0 
10 7 23 4 12 4 20 3 
5 1
1 4
5 0
9 3
7 3
2 4
6 1
0 2
