5
29 0 31 4 28 5 5 5 
13 3 24 6 17 5 17 5 
12 3 24 5 0 1 7 1 
14 4 29 3 18 6 27 6 
10 2 5 3 2 4 25 7 
16 6 5 0 27 4 12 3 
18 3 5 7 22 5 18 1 
26 0 14 5 8 1 9 0 
21 1 17 5 6 1 27 7 
5 7 15 5 21 7 5 5 
5 5 9 3 19 6 3 4 
12 1 28 3 16 5 18 3 
10 5 8 3 11 3 8 5 
5 7 7 4 12 5 29 3 
8 1 11 7 23 7 6 0 
22 0 25 6 27 2 15 5 
2 4
3 5
0 5
0 1
5 1
1 5
4 5
6 0
29 0 31 4 28 5 5 5 
13 3 24 6 17 5 17 5 
12 3 24 5 0 1 7 1 
14 4 29 3 18 6 27 6 
10 2 5 3 2 4 25 7 
16 6 5 0 27 4 12 3 
18 3 5 7 22 5 18 1 
26 0 14 5 8 1 9 0 
21 1 17 5 6 1 27 7 
5 7 15 5 21 7 5 5 
5 5 9 3 19 6 3 4 
12 1 28 3 16 5 18 3 
10 5 8 3 11 3 8 5 
5 7 7 4 12 5 29 3 
8 1 11 7 23 7 6 0 
22 0 25 6 27 2 15 5 
2 4
3 5
0 5
0 1
5 1
1 5
4 5
6 0
29 0 31 4 28 5 5 5 
13 3 24 6 17 5 17 5 
12 3 24 5 0 1 7 1 
14 4 29 3 18 6 27 6 
10 2 5 3 2 4 25 7 
16 6 5 0 27 4 12 3 
18 3 5 7 22 5 18 1 
26 0 14 5 8 1 9 0 
21 1 17 5 6 1 27 7 
5 7 15 5 21 7 5 5 
5 5 9 3 19 6 3 4 
12 1 28 3 16 5 18 3 
10 5 8 3 11 3 8 5 
5 7 7 4 12 5 29 3 
8 1 11 7 23 7 6 0 
22 0 25 6 27 2 15 5 
2 4
3 5
0 5
0 1
5 1
1 5
4 5
6 0
29 0 31 4 28 5 5 5 
13 3 24 6 17 5 17 5 
12 3 24 5 0 1 7 1 
14 4 29 3 18 6 27 6 
10 2 5 3 2 4 25 7 
16 6 5 0 27 4 12 3 
18 3 5 7 22 5 18 1 
26 0 14 5 8 1 9 0 
21 1 17 5 6 1 27 7 
5 7 15 5 21 7 5 5 
5 5 9 3 19 6 3 4 
12 1 28 3 16 5 18 3 
10 5 8 3 11 3 8 5 
5 7 7 4 12 5 29 3 
8 1 11 7 23 7 6 0 
22 0 25 6 27 2 15 5 
2 4
3 5
0 5
0 1
5 1
1 5
4 5
6 0
29 0 31 4 28 5 5 5 
13 3 24 6 17 5 17 5 
12 3 24 5 0 1 7 1 
14 4 29 3 18 6 27 6 
10 2 5 3 2 4 25 7 
16 6 5 0 27 4 12 3 
18 3 5 7 22 5 18 1 
26 0 14 5 8 1 9 0 
21 1 17 5 6 1 27 7 
5 7 15 5 21 7 5 5 
5 5 9 3 19 6 3 4 
12 1 28 3 16 5 18 3 
10 5 8 3 11 3 8 5 
5 7 7 4 12 5 29 3 
8 1 11 7 23 7 6 0 
22 0 25 6 27 2 15 5 
2 4
3 5
0 5
0 1
5 1
1 5
4 5
6 0
