5
25 0 25 4 23 0 14 4 
20 5 19 0 18 5 7 4 
12 2 8 0 19 1 18 6 
12 2 15 3 22 7 27 2 
21 7 30 3 30 6 7 7 
31 2 8 5 27 1 24 1 
30 7 31 3 1 0 30 6 
22 5 0 6 18 7 2 3 
7 7 2 5 26 3 27 5 
18 5 14 7 15 7 1 3 
7 6 8 6 26 5 4 7 
3 3 23 5 29 3 21 2 
7 7 16 3 3 4 24 3 
10 0 1 1 27 5 15 0 
0 6 24 4 30 0 5 6 
4 4 12 6 17 1 16 5 
8 3
6 0
1 5
5 5
0 2
2 0
4 5
3 5
25 0 25 4 23 0 14 4 
20 5 19 0 18 5 7 4 
12 2 8 0 19 1 18 6 
12 2 15 3 22 7 27 2 
21 7 30 3 30 6 7 7 
31 2 8 5 27 1 24 1 
30 7 31 3 1 0 30 6 
22 5 0 6 18 7 2 3 
7 7 2 5 26 3 27 5 
18 5 14 7 15 7 1 3 
7 6 8 6 26 5 4 7 
3 3 23 5 29 3 21 2 
7 7 16 3 3 4 24 3 
10 0 1 1 27 5 15 0 
0 6 24 4 30 0 5 6 
4 4 12 6 17 1 16 5 
8 3
6 0
1 5
5 5
0 2
2 0
4 5
3 5
25 0 25 4 23 0 14 4 
20 5 19 0 18 5 7 4 
12 2 8 0 19 1 18 6 
12 2 15 3 22 7 27 2 
21 7 30 3 30 6 7 7 
31 2 8 5 27 1 24 1 
30 7 31 3 1 0 30 6 
22 5 0 6 18 7 2 3 
7 7 2 5 26 3 27 5 
18 5 14 7 15 7 1 3 
7 6 8 6 26 5 4 7 
3 3 23 5 29 3 21 2 
7 7 16 3 3 4 24 3 
10 0 1 1 27 5 15 0 
0 6 24 4 30 0 5 6 
4 4 12 6 17 1 16 5 
8 3
6 0
1 5
5 5
0 2
2 0
4 5
3 5
25 0 25 4 23 0 14 4 
20 5 19 0 18 5 7 4 
12 2 8 0 19 1 18 6 
12 2 15 3 22 7 27 2 
21 7 30 3 30 6 7 7 
31 2 8 5 27 1 24 1 
30 7 31 3 1 0 30 6 
22 5 0 6 18 7 2 3 
7 7 2 5 26 3 27 5 
18 5 14 7 15 7 1 3 
7 6 8 6 26 5 4 7 
3 3 23 5 29 3 21 2 
7 7 16 3 3 4 24 3 
10 0 1 1 27 5 15 0 
0 6 24 4 30 0 5 6 
4 4 12 6 17 1 16 5 
8 3
6 0
1 5
5 5
0 2
2 0
4 5
3 5
25 0 25 4 23 0 14 4 
20 5 19 0 18 5 7 4 
12 2 8 0 19 1 18 6 
12 2 15 3 22 7 27 2 
21 7 30 3 30 6 7 7 
31 2 8 5 27 1 24 1 
30 7 31 3 1 0 30 6 
22 5 0 6 18 7 2 3 
7 7 2 5 26 3 27 5 
18 5 14 7 15 7 1 3 
7 6 8 6 26 5 4 7 
3 3 23 5 29 3 21 2 
7 7 16 3 3 4 24 3 
10 0 1 1 27 5 15 0 
0 6 24 4 30 0 5 6 
4 4 12 6 17 1 16 5 
8 3
6 0
1 5
5 5
0 2
2 0
4 5
3 5
