5
29 7 12 4 12 3 29 4 
17 1 24 3 3 7 21 3 
0 5 13 7 1 5 6 0 
28 2 2 6 6 2 24 6 
5 0 29 2 31 3 9 3 
19 3 9 6 11 1 2 6 
10 5 27 0 22 1 23 7 
31 2 27 7 8 4 25 6 
2 4 19 1 11 7 7 1 
26 3 16 2 26 7 18 0 
14 7 17 0 15 1 3 1 
19 1 30 7 20 2 10 0 
30 7 14 5 4 5 19 1 
5 5 29 0 30 2 26 7 
3 3 11 5 21 7 30 6 
5 1 6 5 2 4 2 3 
6 1
0 2
4 3
3 2
0 5
0 4
8 3
5 5
29 7 12 4 12 3 29 4 
17 1 24 3 3 7 21 3 
0 5 13 7 1 5 6 0 
28 2 2 6 6 2 24 6 
5 0 29 2 31 3 9 3 
19 3 9 6 11 1 2 6 
10 5 27 0 22 1 23 7 
31 2 27 7 8 4 25 6 
2 4 19 1 11 7 7 1 
26 3 16 2 26 7 18 0 
14 7 17 0 15 1 3 1 
19 1 30 7 20 2 10 0 
30 7 14 5 4 5 19 1 
5 5 29 0 30 2 26 7 
3 3 11 5 21 7 30 6 
5 1 6 5 2 4 2 3 
6 1
0 2
4 3
3 2
0 5
0 4
8 3
5 5
29 7 12 4 12 3 29 4 
17 1 24 3 3 7 21 3 
0 5 13 7 1 5 6 0 
28 2 2 6 6 2 24 6 
5 0 29 2 31 3 9 3 
19 3 9 6 11 1 2 6 
10 5 27 0 22 1 23 7 
31 2 27 7 8 4 25 6 
2 4 19 1 11 7 7 1 
26 3 16 2 26 7 18 0 
14 7 17 0 15 1 3 1 
19 1 30 7 20 2 10 0 
30 7 14 5 4 5 19 1 
5 5 29 0 30 2 26 7 
3 3 11 5 21 7 30 6 
5 1 6 5 2 4 2 3 
6 1
0 2
4 3
3 2
0 5
0 4
8 3
5 5
29 7 12 4 12 3 29 4 
17 1 24 3 3 7 21 3 
0 5 13 7 1 5 6 0 
28 2 2 6 6 2 24 6 
5 0 29 2 31 3 9 3 
19 3 9 6 11 1 2 6 
10 5 27 0 22 1 23 7 
31 2 27 7 8 4 25 6 
2 4 19 1 11 7 7 1 
26 3 16 2 26 7 18 0 
14 7 17 0 15 1 3 1 
19 1 30 7 20 2 10 0 
30 7 14 5 4 5 19 1 
5 5 29 0 30 2 26 7 
3 3 11 5 21 7 30 6 
5 1 6 5 2 4 2 3 
6 1
0 2
4 3
3 2
0 5
0 4
8 3
5 5
29 7 12 4 12 3 29 4 
17 1 24 3 3 7 21 3 
0 5 13 7 1 5 6 0 
28 2 2 6 6 2 24 6 
5 0 29 2 31 3 9 3 
19 3 9 6 11 1 2 6 
10 5 27 0 22 1 23 7 
31 2 27 7 8 4 25 6 
2 4 19 1 11 7 7 1 
26 3 16 2 26 7 18 0 
14 7 17 0 15 1 3 1 
19 1 30 7 20 2 10 0 
30 7 14 5 4 5 19 1 
5 5 29 0 30 2 26 7 
3 3 11 5 21 7 30 6 
5 1 6 5 2 4 2 3 
6 1
0 2
4 3
3 2
0 5
0 4
8 3
5 5
