5
12 0 18 5 28 4 1 0 
22 5 0 7 11 0 31 0 
20 0 8 7 12 2 13 1 
19 5 22 5 21 3 27 6 
29 4 25 7 7 0 0 1 
19 5 17 5 0 5 25 2 
13 7 18 0 8 5 21 1 
25 7 9 7 8 4 4 2 
12 1 19 7 0 6 22 3 
28 3 4 2 26 7 1 0 
20 1 6 4 2 1 14 7 
20 4 13 1 28 4 25 3 
25 1 8 1 25 1 31 1 
31 4 25 5 11 3 25 5 
14 3 7 4 6 6 25 1 
18 4 0 3 15 6 31 1 
10 5
2 5
5 0
4 1
9 5
1 3
10 3
1 2
12 0 18 5 28 4 1 0 
22 5 0 7 11 0 31 0 
20 0 8 7 12 2 13 1 
19 5 22 5 21 3 27 6 
29 4 25 7 7 0 0 1 
19 5 17 5 0 5 25 2 
13 7 18 0 8 5 21 1 
25 7 9 7 8 4 4 2 
12 1 19 7 0 6 22 3 
28 3 4 2 26 7 1 0 
20 1 6 4 2 1 14 7 
20 4 13 1 28 4 25 3 
25 1 8 1 25 1 31 1 
31 4 25 5 11 3 25 5 
14 3 7 4 6 6 25 1 
18 4 0 3 15 6 31 1 
10 5
2 5
5 0
4 1
9 5
1 3
10 3
1 2
12 0 18 5 28 4 1 0 
22 5 0 7 11 0 31 0 
20 0 8 7 12 2 13 1 
19 5 22 5 21 3 27 6 
29 4 25 7 7 0 0 1 
19 5 17 5 0 5 25 2 
13 7 18 0 8 5 21 1 
25 7 9 7 8 4 4 2 
12 1 19 7 0 6 22 3 
28 3 4 2 26 7 1 0 
20 1 6 4 2 1 14 7 
20 4 13 1 28 4 25 3 
25 1 8 1 25 1 31 1 
31 4 25 5 11 3 25 5 
14 3 7 4 6 6 25 1 
18 4 0 3 15 6 31 1 
10 5
2 5
5 0
4 1
9 5
1 3
10 3
1 2
12 0 18 5 28 4 1 0 
22 5 0 7 11 0 31 0 
20 0 8 7 12 2 13 1 
19 5 22 5 21 3 27 6 
29 4 25 7 7 0 0 1 
19 5 17 5 0 5 25 2 
13 7 18 0 8 5 21 1 
25 7 9 7 8 4 4 2 
12 1 19 7 0 6 22 3 
28 3 4 2 26 7 1 0 
20 1 6 4 2 1 14 7 
20 4 13 1 28 4 25 3 
25 1 8 1 25 1 31 1 
31 4 25 5 11 3 25 5 
14 3 7 4 6 6 25 1 
18 4 0 3 15 6 31 1 
10 5
2 5
5 0
4 1
9 5
1 3
10 3
1 2
12 0 18 5 28 4 1 0 
22 5 0 7 11 0 31 0 
20 0 8 7 12 2 13 1 
19 5 22 5 21 3 27 6 
29 4 25 7 7 0 0 1 
19 5 17 5 0 5 25 2 
13 7 18 0 8 5 21 1 
25 7 9 7 8 4 4 2 
12 1 19 7 0 6 22 3 
28 3 4 2 26 7 1 0 
20 1 6 4 2 1 14 7 
20 4 13 1 28 4 25 3 
25 1 8 1 25 1 31 1 
31 4 25 5 11 3 25 5 
14 3 7 4 6 6 25 1 
18 4 0 3 15 6 31 1 
10 5
2 5
5 0
4 1
9 5
1 3
10 3
1 2
