5
24 1 12 5 13 5 22 7 
5 2 28 5 31 7 3 3 
28 4 2 5 23 5 21 5 
8 5 15 2 18 4 27 5 
28 3 1 0 16 6 27 3 
23 6 25 2 11 1 10 3 
29 4 5 0 6 5 17 7 
30 4 18 0 18 3 20 7 
5 6 3 4 24 6 11 1 
10 2 16 4 18 1 0 4 
5 1 9 5 5 1 15 5 
1 6 9 0 28 6 2 0 
25 7 4 0 7 0 0 3 
9 6 27 3 18 0 26 2 
20 2 28 1 22 4 24 1 
22 3 25 6 4 0 25 3 
8 4
0 4
0 0
2 2
4 4
0 3
2 5
6 4
3 3 21 7 18 0 29 4 
20 2 3 2 31 1 13 2 
9 4 29 5 25 4 18 6 
31 6 24 3 29 1 4 5 
3 0 5 0 13 5 27 7 
23 2 8 2 15 5 20 0 
31 2 1 2 1 6 14 3 
30 1 6 1 9 7 12 4 
0 6 6 0 13 6 20 1 
23 4 18 2 30 0 21 0 
18 6 10 1 10 0 19 3 
25 3 31 5 16 6 5 6 
17 4 11 3 23 1 19 5 
4 5 26 3 19 3 27 3 
29 3 12 1 30 1 6 0 
20 2 30 5 19 1 29 1 
2 2
10 5
10 4
10 3
10 0
2 4
7 4
4 3
24 1 12 5 13 5 22 7 
5 2 28 5 31 7 3 3 
28 4 2 5 23 5 21 5 
8 5 15 2 18 4 27 5 
28 3 1 0 16 6 27 3 
23 6 25 2 11 1 10 3 
29 4 5 0 6 5 17 7 
30 4 18 0 18 3 20 7 
5 6 3 4 24 6 11 1 
10 2 16 4 18 1 0 4 
5 1 9 5 5 1 15 5 
1 6 9 0 28 6 2 0 
25 7 4 0 7 0 0 3 
9 6 27 3 18 0 26 2 
20 2 28 1 22 4 24 1 
22 3 25 6 4 0 25 3 
8 4
0 4
0 0
2 2
4 4
0 3
2 5
6 4
24 1 12 5 13 5 22 7 
5 2 28 5 31 7 3 3 
28 4 2 5 23 5 21 5 
8 5 15 2 18 4 27 5 
28 3 1 0 16 6 27 3 
23 6 25 2 11 1 10 3 
29 4 5 0 6 5 17 7 
30 4 18 0 18 3 20 7 
5 6 3 4 24 6 11 1 
10 2 16 4 18 1 0 4 
5 1 9 5 5 1 15 5 
1 6 9 0 28 6 2 0 
25 7 4 0 7 0 0 3 
9 6 27 3 18 0 26 2 
20 2 28 1 22 4 24 1 
22 3 25 6 4 0 25 3 
8 4
0 4
0 0
2 2
4 4
0 3
2 5
6 4
24 1 12 5 13 5 22 7 
5 2 28 5 31 7 3 3 
28 4 2 5 23 5 21 5 
8 5 15 2 18 4 27 5 
28 3 1 0 16 6 27 3 
23 6 25 2 11 1 10 3 
29 4 5 0 6 5 17 7 
30 4 18 0 18 3 20 7 
5 6 3 4 24 6 11 1 
10 2 16 4 18 1 0 4 
5 1 9 5 5 1 15 5 
1 6 9 0 28 6 2 0 
25 7 4 0 7 0 0 3 
9 6 27 3 18 0 26 2 
20 2 28 1 22 4 24 1 
22 3 25 6 4 0 25 3 
8 4
0 4
0 0
2 2
4 4
0 3
2 5
6 4
