5
28 6 3 0 15 6 30 7 
21 7 13 2 15 5 0 1 
18 7 27 0 8 0 13 0 
1 1 30 4 16 0 19 6 
13 7 25 3 1 0 11 6 
19 1 10 7 24 0 2 1 
5 2 16 5 17 2 4 7 
19 5 31 3 6 5 1 0 
25 1 25 5 15 0 5 6 
11 3 10 2 16 0 3 1 
19 6 30 2 9 5 19 5 
8 4 24 2 19 7 18 2 
3 4 22 6 24 6 28 7 
1 7 26 4 14 1 18 5 
2 1 25 7 24 5 23 4 
23 3 11 0 28 0 28 1 
6 2
4 5
3 5
8 5
2 5
7 3
9 5
0 1
28 6 3 0 15 6 30 7 
21 7 13 2 15 5 0 1 
18 7 27 0 8 0 13 0 
1 1 30 4 16 0 19 6 
13 7 25 3 1 0 11 6 
19 1 10 7 24 0 2 1 
5 2 16 5 17 2 4 7 
19 5 31 3 6 5 1 0 
25 1 25 5 15 0 5 6 
11 3 10 2 16 0 3 1 
19 6 30 2 9 5 19 5 
8 4 24 2 19 7 18 2 
3 4 22 6 24 6 28 7 
1 7 26 4 14 1 18 5 
2 1 25 7 24 5 23 4 
23 3 11 0 28 0 28 1 
6 2
4 5
3 5
8 5
2 5
7 3
9 5
0 1
28 6 3 0 15 6 30 7 
21 7 13 2 15 5 0 1 
18 7 27 0 8 0 13 0 
1 1 30 4 16 0 19 6 
13 7 25 3 1 0 11 6 
19 1 10 7 24 0 2 1 
5 2 16 5 17 2 4 7 
19 5 31 3 6 5 1 0 
25 1 25 5 15 0 5 6 
11 3 10 2 16 0 3 1 
19 6 30 2 9 5 19 5 
8 4 24 2 19 7 18 2 
3 4 22 6 24 6 28 7 
1 7 26 4 14 1 18 5 
2 1 25 7 24 5 23 4 
23 3 11 0 28 0 28 1 
6 2
4 5
3 5
8 5
2 5
7 3
9 5
0 1
28 6 3 0 15 6 30 7 
21 7 13 2 15 5 0 1 
18 7 27 0 8 0 13 0 
1 1 30 4 16 0 19 6 
13 7 25 3 1 0 11 6 
19 1 10 7 24 0 2 1 
5 2 16 5 17 2 4 7 
19 5 31 3 6 5 1 0 
25 1 25 5 15 0 5 6 
11 3 10 2 16 0 3 1 
19 6 30 2 9 5 19 5 
8 4 24 2 19 7 18 2 
3 4 22 6 24 6 28 7 
1 7 26 4 14 1 18 5 
2 1 25 7 24 5 23 4 
23 3 11 0 28 0 28 1 
6 2
4 5
3 5
8 5
2 5
7 3
9 5
0 1
28 6 3 0 15 6 30 7 
21 7 13 2 15 5 0 1 
18 7 27 0 8 0 13 0 
1 1 30 4 16 0 19 6 
13 7 25 3 1 0 11 6 
19 1 10 7 24 0 2 1 
5 2 16 5 17 2 4 7 
19 5 31 3 6 5 1 0 
25 1 25 5 15 0 5 6 
11 3 10 2 16 0 3 1 
19 6 30 2 9 5 19 5 
8 4 24 2 19 7 18 2 
3 4 22 6 24 6 28 7 
1 7 26 4 14 1 18 5 
2 1 25 7 24 5 23 4 
23 3 11 0 28 0 28 1 
6 2
4 5
3 5
8 5
2 5
7 3
9 5
0 1
