5
17 5 20 5 16 0 15 3 
12 1 20 7 30 2 23 0 
0 3 11 0 31 0 21 4 
28 0 17 7 7 6 29 5 
15 3 22 6 1 3 19 5 
22 1 26 5 26 4 11 5 
8 3 12 6 29 4 16 0 
8 3 29 7 6 0 2 5 
11 2 18 1 4 0 14 4 
7 0 4 5 18 3 2 6 
25 4 0 3 8 3 16 6 
6 7 10 0 28 6 20 4 
17 6 29 1 20 7 27 2 
8 4 16 1 18 2 26 7 
28 3 29 2 24 5 14 2 
0 6 13 5 15 0 9 0 
1 4
1 2
6 3
1 3
8 0
7 3
3 5
6 0
30 7 13 2 2 2 4 7 
3 2 6 2 25 4 9 1 
6 4 7 1 10 7 23 5 
25 6 13 3 31 0 10 6 
12 5 25 7 23 4 6 1 
18 4 26 6 28 7 9 7 
26 1 31 7 4 7 23 1 
9 5 3 5 22 4 24 1 
11 6 3 7 27 5 16 6 
21 0 29 4 12 4 2 6 
20 0 31 1 1 7 4 7 
19 5 18 3 6 5 8 5 
8 6 17 3 12 7 17 1 
30 2 18 3 21 2 3 3 
31 1 5 2 4 7 28 4 
5 5 4 3 27 2 6 4 
6 3
3 1
6 1
5 3
3 4
2 5
1 5
0 4
17 5 20 5 16 0 15 3 
12 1 20 7 30 2 23 0 
0 3 11 0 31 0 21 4 
28 0 17 7 7 6 29 5 
15 3 22 6 1 3 19 5 
22 1 26 5 26 4 11 5 
8 3 12 6 29 4 16 0 
8 3 29 7 6 0 2 5 
11 2 18 1 4 0 14 4 
7 0 4 5 18 3 2 6 
25 4 0 3 8 3 16 6 
6 7 10 0 28 6 20 4 
17 6 29 1 20 7 27 2 
8 4 16 1 18 2 26 7 
28 3 29 2 24 5 14 2 
0 6 13 5 15 0 9 0 
1 4
1 2
6 3
1 3
8 0
7 3
3 5
6 0
17 5 20 5 16 0 15 3 
12 1 20 7 30 2 23 0 
0 3 11 0 31 0 21 4 
28 0 17 7 7 6 29 5 
15 3 22 6 1 3 19 5 
22 1 26 5 26 4 11 5 
8 3 12 6 29 4 16 0 
8 3 29 7 6 0 2 5 
11 2 18 1 4 0 14 4 
7 0 4 5 18 3 2 6 
25 4 0 3 8 3 16 6 
6 7 10 0 28 6 20 4 
17 6 29 1 20 7 27 2 
8 4 16 1 18 2 26 7 
28 3 29 2 24 5 14 2 
0 6 13 5 15 0 9 0 
1 4
1 2
6 3
1 3
8 0
7 3
3 5
6 0
17 5 20 5 16 0 15 3 
12 1 20 7 30 2 23 0 
0 3 11 0 31 0 21 4 
28 0 17 7 7 6 29 5 
15 3 22 6 1 3 19 5 
22 1 26 5 26 4 11 5 
8 3 12 6 29 4 16 0 
8 3 29 7 6 0 2 5 
11 2 18 1 4 0 14 4 
7 0 4 5 18 3 2 6 
25 4 0 3 8 3 16 6 
6 7 10 0 28 6 20 4 
17 6 29 1 20 7 27 2 
8 4 16 1 18 2 26 7 
28 3 29 2 24 5 14 2 
0 6 13 5 15 0 9 0 
1 4
1 2
6 3
1 3
8 0
7 3
3 5
6 0
