5
10 3 4 1 2 6 24 5 
2 7 31 3 31 5 4 5 
4 7 12 0 16 0 14 6 
26 4 25 6 6 0 4 0 
19 6 11 1 11 1 21 2 
17 3 0 0 13 2 3 0 
21 1 6 2 16 4 4 0 
4 0 7 7 29 4 8 5 
12 3 30 3 6 1 26 7 
1 2 14 6 5 7 19 6 
18 5 11 0 0 6 25 1 
6 3 26 6 7 5 17 1 
8 2 0 7 19 4 25 3 
13 6 4 7 23 4 25 4 
16 0 31 5 9 4 15 6 
19 0 10 0 9 3 8 3 
10 5
8 5
1 4
2 4
2 2
3 0
6 2
7 3
15 7 7 4 6 3 11 0 
14 2 6 6 28 0 23 4 
3 2 21 6 24 7 16 4 
13 6 23 5 12 5 30 1 
29 5 24 0 0 5 31 1 
22 0 1 4 8 6 11 7 
30 2 18 0 18 7 8 7 
28 1 7 1 21 3 21 1 
11 6 29 4 24 2 9 5 
13 4 11 1 5 5 7 5 
8 5 29 5 0 1 9 4 
31 5 31 2 15 3 26 3 
19 2 22 4 20 0 6 1 
19 0 4 0 0 3 27 7 
31 2 9 3 0 1 16 5 
5 2 20 2 16 3 20 0 
10 4
2 3
0 0
7 0
1 1
9 0
4 2
6 2
10 3 4 1 2 6 24 5 
2 7 31 3 31 5 4 5 
4 7 12 0 16 0 14 6 
26 4 25 6 6 0 4 0 
19 6 11 1 11 1 21 2 
17 3 0 0 13 2 3 0 
21 1 6 2 16 4 4 0 
4 0 7 7 29 4 8 5 
12 3 30 3 6 1 26 7 
1 2 14 6 5 7 19 6 
18 5 11 0 0 6 25 1 
6 3 26 6 7 5 17 1 
8 2 0 7 19 4 25 3 
13 6 4 7 23 4 25 4 
16 0 31 5 9 4 15 6 
19 0 10 0 9 3 8 3 
10 5
8 5
1 4
2 4
2 2
3 0
6 2
7 3
15 7 7 4 6 3 11 0 
14 2 6 6 28 0 23 4 
3 2 21 6 24 7 16 4 
13 6 23 5 12 5 30 1 
29 5 24 0 0 5 31 1 
22 0 1 4 8 6 11 7 
30 2 18 0 18 7 8 7 
28 1 7 1 21 3 21 1 
11 6 29 4 24 2 9 5 
13 4 11 1 5 5 7 5 
8 5 29 5 0 1 9 4 
31 5 31 2 15 3 26 3 
19 2 22 4 20 0 6 1 
19 0 4 0 0 3 27 7 
31 2 9 3 0 1 16 5 
5 2 20 2 16 3 20 0 
10 4
2 3
0 0
7 0
1 1
9 0
4 2
6 2
15 7 7 4 6 3 11 0 
14 2 6 6 28 0 23 4 
3 2 21 6 24 7 16 4 
13 6 23 5 12 5 30 1 
29 5 24 0 0 5 31 1 
22 0 1 4 8 6 11 7 
30 2 18 0 18 7 8 7 
28 1 7 1 21 3 21 1 
11 6 29 4 24 2 9 5 
13 4 11 1 5 5 7 5 
8 5 29 5 0 1 9 4 
31 5 31 2 15 3 26 3 
19 2 22 4 20 0 6 1 
19 0 4 0 0 3 27 7 
31 2 9 3 0 1 16 5 
5 2 20 2 16 3 20 0 
10 4
2 3
0 0
7 0
1 1
9 0
4 2
6 2
