5
10 4 19 5 27 7 27 5 
22 2 10 1 15 2 20 5 
17 4 3 4 6 4 9 3 
24 7 18 3 1 3 4 4 
17 4 9 1 5 6 30 5 
29 5 1 4 25 7 16 2 
1 1 26 2 11 7 18 2 
12 4 1 0 29 5 4 1 
17 3 29 0 26 6 31 4 
12 1 22 7 16 1 9 2 
24 0 9 7 22 2 12 5 
28 2 30 3 29 4 6 6 
21 0 12 3 9 2 29 3 
28 6 26 3 5 1 11 5 
25 4 16 6 0 5 28 2 
9 7 17 5 16 1 21 0 
9 2
0 5
1 5
0 4
7 2
10 5
1 3
10 1
13 2 25 2 11 0 16 0 
26 5 27 5 24 1 4 3 
10 2 27 0 4 4 20 7 
25 5 5 5 31 0 26 4 
18 0 2 0 5 1 31 4 
31 4 7 4 13 1 19 5 
25 1 21 1 27 7 26 1 
5 5 13 0 6 5 29 0 
15 1 25 6 19 0 23 1 
12 2 2 2 11 4 1 5 
30 4 3 7 0 1 13 3 
3 0 0 3 30 1 30 1 
27 2 22 7 8 5 25 3 
6 1 12 4 21 6 21 0 
22 7 2 2 20 3 22 6 
14 4 4 3 16 5 27 5 
2 2
1 2
10 3
0 5
0 4
2 5
10 5
5 1
10 4 19 5 27 7 27 5 
22 2 10 1 15 2 20 5 
17 4 3 4 6 4 9 3 
24 7 18 3 1 3 4 4 
17 4 9 1 5 6 30 5 
29 5 1 4 25 7 16 2 
1 1 26 2 11 7 18 2 
12 4 1 0 29 5 4 1 
17 3 29 0 26 6 31 4 
12 1 22 7 16 1 9 2 
24 0 9 7 22 2 12 5 
28 2 30 3 29 4 6 6 
21 0 12 3 9 2 29 3 
28 6 26 3 5 1 11 5 
25 4 16 6 0 5 28 2 
9 7 17 5 16 1 21 0 
9 2
0 5
1 5
0 4
7 2
10 5
1 3
10 1
10 4 19 5 27 7 27 5 
22 2 10 1 15 2 20 5 
17 4 3 4 6 4 9 3 
24 7 18 3 1 3 4 4 
17 4 9 1 5 6 30 5 
29 5 1 4 25 7 16 2 
1 1 26 2 11 7 18 2 
12 4 1 0 29 5 4 1 
17 3 29 0 26 6 31 4 
12 1 22 7 16 1 9 2 
24 0 9 7 22 2 12 5 
28 2 30 3 29 4 6 6 
21 0 12 3 9 2 29 3 
28 6 26 3 5 1 11 5 
25 4 16 6 0 5 28 2 
9 7 17 5 16 1 21 0 
9 2
0 5
1 5
0 4
7 2
10 5
1 3
10 1
13 2 25 2 11 0 16 0 
26 5 27 5 24 1 4 3 
10 2 27 0 4 4 20 7 
25 5 5 5 31 0 26 4 
18 0 2 0 5 1 31 4 
31 4 7 4 13 1 19 5 
25 1 21 1 27 7 26 1 
5 5 13 0 6 5 29 0 
15 1 25 6 19 0 23 1 
12 2 2 2 11 4 1 5 
30 4 3 7 0 1 13 3 
3 0 0 3 30 1 30 1 
27 2 22 7 8 5 25 3 
6 1 12 4 21 6 21 0 
22 7 2 2 20 3 22 6 
14 4 4 3 16 5 27 5 
2 2
1 2
10 3
0 5
0 4
2 5
10 5
5 1
