5
1 6 15 3 13 2 19 0 
16 2 18 3 28 2 14 7 
4 5 31 2 27 2 26 7 
11 6 26 4 30 2 0 2 
16 0 26 0 19 0 9 1 
17 1 5 1 4 7 31 7 
0 4 0 4 30 5 14 3 
28 2 11 2 28 0 18 7 
28 3 3 2 13 0 14 3 
14 1 10 3 8 5 5 7 
17 2 1 2 20 5 30 0 
0 6 25 0 27 2 27 2 
14 0 22 2 29 3 28 3 
13 0 14 3 5 6 11 3 
5 7 31 4 11 0 17 7 
28 7 23 7 29 6 7 7 
7 3
0 0
9 5
0 2
6 5
4 5
6 3
0 5
1 6 15 3 13 2 19 0 
16 2 18 3 28 2 14 7 
4 5 31 2 27 2 26 7 
11 6 26 4 30 2 0 2 
16 0 26 0 19 0 9 1 
17 1 5 1 4 7 31 7 
0 4 0 4 30 5 14 3 
28 2 11 2 28 0 18 7 
28 3 3 2 13 0 14 3 
14 1 10 3 8 5 5 7 
17 2 1 2 20 5 30 0 
0 6 25 0 27 2 27 2 
14 0 22 2 29 3 28 3 
13 0 14 3 5 6 11 3 
5 7 31 4 11 0 17 7 
28 7 23 7 29 6 7 7 
7 3
0 0
9 5
0 2
6 5
4 5
6 3
0 5
1 6 15 3 13 2 19 0 
16 2 18 3 28 2 14 7 
4 5 31 2 27 2 26 7 
11 6 26 4 30 2 0 2 
16 0 26 0 19 0 9 1 
17 1 5 1 4 7 31 7 
0 4 0 4 30 5 14 3 
28 2 11 2 28 0 18 7 
28 3 3 2 13 0 14 3 
14 1 10 3 8 5 5 7 
17 2 1 2 20 5 30 0 
0 6 25 0 27 2 27 2 
14 0 22 2 29 3 28 3 
13 0 14 3 5 6 11 3 
5 7 31 4 11 0 17 7 
28 7 23 7 29 6 7 7 
7 3
0 0
9 5
0 2
6 5
4 5
6 3
0 5
1 6 15 3 13 2 19 0 
16 2 18 3 28 2 14 7 
4 5 31 2 27 2 26 7 
11 6 26 4 30 2 0 2 
16 0 26 0 19 0 9 1 
17 1 5 1 4 7 31 7 
0 4 0 4 30 5 14 3 
28 2 11 2 28 0 18 7 
28 3 3 2 13 0 14 3 
14 1 10 3 8 5 5 7 
17 2 1 2 20 5 30 0 
0 6 25 0 27 2 27 2 
14 0 22 2 29 3 28 3 
13 0 14 3 5 6 11 3 
5 7 31 4 11 0 17 7 
28 7 23 7 29 6 7 7 
7 3
0 0
9 5
0 2
6 5
4 5
6 3
0 5
1 6 15 3 13 2 19 0 
16 2 18 3 28 2 14 7 
4 5 31 2 27 2 26 7 
11 6 26 4 30 2 0 2 
16 0 26 0 19 0 9 1 
17 1 5 1 4 7 31 7 
0 4 0 4 30 5 14 3 
28 2 11 2 28 0 18 7 
28 3 3 2 13 0 14 3 
14 1 10 3 8 5 5 7 
17 2 1 2 20 5 30 0 
0 6 25 0 27 2 27 2 
14 0 22 2 29 3 28 3 
13 0 14 3 5 6 11 3 
5 7 31 4 11 0 17 7 
28 7 23 7 29 6 7 7 
7 3
0 0
9 5
0 2
6 5
4 5
6 3
0 5
