5
5 3 27 5 25 1 24 2 
9 1 15 7 23 2 25 2 
6 6 21 4 30 4 7 6 
29 5 1 5 20 4 19 7 
3 1 29 2 30 0 9 1 
3 2 18 2 23 6 22 3 
15 0 3 2 16 1 28 1 
10 4 0 7 12 0 2 5 
20 6 13 5 25 3 15 5 
24 3 4 1 0 5 23 4 
13 6 13 5 11 1 9 5 
9 5 10 2 1 4 3 0 
18 1 6 2 27 1 28 0 
29 0 15 1 5 2 5 0 
5 0 23 4 14 1 17 5 
1 7 20 1 18 1 4 0 
9 4
1 4
5 0
2 2
9 0
3 5
9 0
4 4
5 3 27 5 25 1 24 2 
9 1 15 7 23 2 25 2 
6 6 21 4 30 4 7 6 
29 5 1 5 20 4 19 7 
3 1 29 2 30 0 9 1 
3 2 18 2 23 6 22 3 
15 0 3 2 16 1 28 1 
10 4 0 7 12 0 2 5 
20 6 13 5 25 3 15 5 
24 3 4 1 0 5 23 4 
13 6 13 5 11 1 9 5 
9 5 10 2 1 4 3 0 
18 1 6 2 27 1 28 0 
29 0 15 1 5 2 5 0 
5 0 23 4 14 1 17 5 
1 7 20 1 18 1 4 0 
9 4
1 4
5 0
2 2
9 0
3 5
9 0
4 4
5 3 27 5 25 1 24 2 
9 1 15 7 23 2 25 2 
6 6 21 4 30 4 7 6 
29 5 1 5 20 4 19 7 
3 1 29 2 30 0 9 1 
3 2 18 2 23 6 22 3 
15 0 3 2 16 1 28 1 
10 4 0 7 12 0 2 5 
20 6 13 5 25 3 15 5 
24 3 4 1 0 5 23 4 
13 6 13 5 11 1 9 5 
9 5 10 2 1 4 3 0 
18 1 6 2 27 1 28 0 
29 0 15 1 5 2 5 0 
5 0 23 4 14 1 17 5 
1 7 20 1 18 1 4 0 
9 4
1 4
5 0
2 2
9 0
3 5
9 0
4 4
5 3 27 5 25 1 24 2 
9 1 15 7 23 2 25 2 
6 6 21 4 30 4 7 6 
29 5 1 5 20 4 19 7 
3 1 29 2 30 0 9 1 
3 2 18 2 23 6 22 3 
15 0 3 2 16 1 28 1 
10 4 0 7 12 0 2 5 
20 6 13 5 25 3 15 5 
24 3 4 1 0 5 23 4 
13 6 13 5 11 1 9 5 
9 5 10 2 1 4 3 0 
18 1 6 2 27 1 28 0 
29 0 15 1 5 2 5 0 
5 0 23 4 14 1 17 5 
1 7 20 1 18 1 4 0 
9 4
1 4
5 0
2 2
9 0
3 5
9 0
4 4
5 3 27 5 25 1 24 2 
9 1 15 7 23 2 25 2 
6 6 21 4 30 4 7 6 
29 5 1 5 20 4 19 7 
3 1 29 2 30 0 9 1 
3 2 18 2 23 6 22 3 
15 0 3 2 16 1 28 1 
10 4 0 7 12 0 2 5 
20 6 13 5 25 3 15 5 
24 3 4 1 0 5 23 4 
13 6 13 5 11 1 9 5 
9 5 10 2 1 4 3 0 
18 1 6 2 27 1 28 0 
29 0 15 1 5 2 5 0 
5 0 23 4 14 1 17 5 
1 7 20 1 18 1 4 0 
9 4
1 4
5 0
2 2
9 0
3 5
9 0
4 4
