5
4 7 22 1 28 1 12 0 
27 6 1 0 23 6 18 4 
17 1 22 4 1 5 17 0 
19 3 6 0 23 1 25 3 
10 3 0 2 13 6 21 3 
27 7 9 4 14 6 2 5 
21 5 9 6 11 6 19 2 
25 5 10 2 31 2 6 7 
19 4 8 0 26 2 31 5 
10 7 14 4 21 0 24 2 
17 6 11 5 31 0 16 3 
4 2 27 1 1 5 5 3 
31 4 5 0 31 5 1 4 
14 0 29 4 15 5 24 4 
28 4 15 6 4 3 18 0 
13 2 12 5 9 7 16 5 
9 2
5 1
3 1
0 4
7 4
3 4
2 3
2 0
4 7 22 1 28 1 12 0 
27 6 1 0 23 6 18 4 
17 1 22 4 1 5 17 0 
19 3 6 0 23 1 25 3 
10 3 0 2 13 6 21 3 
27 7 9 4 14 6 2 5 
21 5 9 6 11 6 19 2 
25 5 10 2 31 2 6 7 
19 4 8 0 26 2 31 5 
10 7 14 4 21 0 24 2 
17 6 11 5 31 0 16 3 
4 2 27 1 1 5 5 3 
31 4 5 0 31 5 1 4 
14 0 29 4 15 5 24 4 
28 4 15 6 4 3 18 0 
13 2 12 5 9 7 16 5 
9 2
5 1
3 1
0 4
7 4
3 4
2 3
2 0
4 7 22 1 28 1 12 0 
27 6 1 0 23 6 18 4 
17 1 22 4 1 5 17 0 
19 3 6 0 23 1 25 3 
10 3 0 2 13 6 21 3 
27 7 9 4 14 6 2 5 
21 5 9 6 11 6 19 2 
25 5 10 2 31 2 6 7 
19 4 8 0 26 2 31 5 
10 7 14 4 21 0 24 2 
17 6 11 5 31 0 16 3 
4 2 27 1 1 5 5 3 
31 4 5 0 31 5 1 4 
14 0 29 4 15 5 24 4 
28 4 15 6 4 3 18 0 
13 2 12 5 9 7 16 5 
9 2
5 1
3 1
0 4
7 4
3 4
2 3
2 0
4 7 22 1 28 1 12 0 
27 6 1 0 23 6 18 4 
17 1 22 4 1 5 17 0 
19 3 6 0 23 1 25 3 
10 3 0 2 13 6 21 3 
27 7 9 4 14 6 2 5 
21 5 9 6 11 6 19 2 
25 5 10 2 31 2 6 7 
19 4 8 0 26 2 31 5 
10 7 14 4 21 0 24 2 
17 6 11 5 31 0 16 3 
4 2 27 1 1 5 5 3 
31 4 5 0 31 5 1 4 
14 0 29 4 15 5 24 4 
28 4 15 6 4 3 18 0 
13 2 12 5 9 7 16 5 
9 2
5 1
3 1
0 4
7 4
3 4
2 3
2 0
4 7 22 1 28 1 12 0 
27 6 1 0 23 6 18 4 
17 1 22 4 1 5 17 0 
19 3 6 0 23 1 25 3 
10 3 0 2 13 6 21 3 
27 7 9 4 14 6 2 5 
21 5 9 6 11 6 19 2 
25 5 10 2 31 2 6 7 
19 4 8 0 26 2 31 5 
10 7 14 4 21 0 24 2 
17 6 11 5 31 0 16 3 
4 2 27 1 1 5 5 3 
31 4 5 0 31 5 1 4 
14 0 29 4 15 5 24 4 
28 4 15 6 4 3 18 0 
13 2 12 5 9 7 16 5 
9 2
5 1
3 1
0 4
7 4
3 4
2 3
2 0
