5
20 7 10 4 16 7 8 2 
5 5 15 1 10 6 27 5 
2 4 28 6 14 5 1 5 
2 7 17 2 14 7 5 6 
18 5 12 7 5 6 19 3 
3 7 18 5 9 0 10 1 
13 6 20 0 21 2 17 6 
22 0 18 0 18 7 29 2 
12 3 13 3 25 6 29 3 
26 4 31 0 23 0 31 0 
31 1 7 2 12 6 27 7 
7 6 26 4 1 0 23 3 
0 4 21 7 31 1 30 2 
31 3 2 2 26 0 11 3 
19 4 14 6 10 3 2 2 
29 7 30 4 2 6 14 3 
6 2
2 0
0 1
1 1
1 2
10 5
10 5
2 2
20 7 10 4 16 7 8 2 
5 5 15 1 10 6 27 5 
2 4 28 6 14 5 1 5 
2 7 17 2 14 7 5 6 
18 5 12 7 5 6 19 3 
3 7 18 5 9 0 10 1 
13 6 20 0 21 2 17 6 
22 0 18 0 18 7 29 2 
12 3 13 3 25 6 29 3 
26 4 31 0 23 0 31 0 
31 1 7 2 12 6 27 7 
7 6 26 4 1 0 23 3 
0 4 21 7 31 1 30 2 
31 3 2 2 26 0 11 3 
19 4 14 6 10 3 2 2 
29 7 30 4 2 6 14 3 
6 2
2 0
0 1
1 1
1 2
10 5
10 5
2 2
20 7 10 4 16 7 8 2 
5 5 15 1 10 6 27 5 
2 4 28 6 14 5 1 5 
2 7 17 2 14 7 5 6 
18 5 12 7 5 6 19 3 
3 7 18 5 9 0 10 1 
13 6 20 0 21 2 17 6 
22 0 18 0 18 7 29 2 
12 3 13 3 25 6 29 3 
26 4 31 0 23 0 31 0 
31 1 7 2 12 6 27 7 
7 6 26 4 1 0 23 3 
0 4 21 7 31 1 30 2 
31 3 2 2 26 0 11 3 
19 4 14 6 10 3 2 2 
29 7 30 4 2 6 14 3 
6 2
2 0
0 1
1 1
1 2
10 5
10 5
2 2
20 7 10 4 16 7 8 2 
5 5 15 1 10 6 27 5 
2 4 28 6 14 5 1 5 
2 7 17 2 14 7 5 6 
18 5 12 7 5 6 19 3 
3 7 18 5 9 0 10 1 
13 6 20 0 21 2 17 6 
22 0 18 0 18 7 29 2 
12 3 13 3 25 6 29 3 
26 4 31 0 23 0 31 0 
31 1 7 2 12 6 27 7 
7 6 26 4 1 0 23 3 
0 4 21 7 31 1 30 2 
31 3 2 2 26 0 11 3 
19 4 14 6 10 3 2 2 
29 7 30 4 2 6 14 3 
6 2
2 0
0 1
1 1
1 2
10 5
10 5
2 2
20 7 10 4 16 7 8 2 
5 5 15 1 10 6 27 5 
2 4 28 6 14 5 1 5 
2 7 17 2 14 7 5 6 
18 5 12 7 5 6 19 3 
3 7 18 5 9 0 10 1 
13 6 20 0 21 2 17 6 
22 0 18 0 18 7 29 2 
12 3 13 3 25 6 29 3 
26 4 31 0 23 0 31 0 
31 1 7 2 12 6 27 7 
7 6 26 4 1 0 23 3 
0 4 21 7 31 1 30 2 
31 3 2 2 26 0 11 3 
19 4 14 6 10 3 2 2 
29 7 30 4 2 6 14 3 
6 2
2 0
0 1
1 1
1 2
10 5
10 5
2 2
