5
7 5 22 0 6 7 0 2 
19 1 19 6 17 0 27 3 
21 0 24 5 18 5 0 6 
7 4 13 3 25 7 4 1 
25 1 23 6 9 4 31 3 
28 5 10 2 2 1 30 5 
29 3 24 3 14 6 29 2 
10 6 30 2 21 6 5 4 
18 5 25 3 9 7 0 4 
17 4 23 0 7 2 0 6 
17 3 31 3 20 7 13 6 
19 5 27 5 5 5 5 4 
6 4 10 3 7 5 15 1 
10 0 4 1 29 0 14 5 
13 4 31 3 24 7 21 5 
4 5 16 1 29 0 27 1 
4 3
2 4
1 5
8 0
8 2
3 2
0 5
1 2
7 5 22 0 6 7 0 2 
19 1 19 6 17 0 27 3 
21 0 24 5 18 5 0 6 
7 4 13 3 25 7 4 1 
25 1 23 6 9 4 31 3 
28 5 10 2 2 1 30 5 
29 3 24 3 14 6 29 2 
10 6 30 2 21 6 5 4 
18 5 25 3 9 7 0 4 
17 4 23 0 7 2 0 6 
17 3 31 3 20 7 13 6 
19 5 27 5 5 5 5 4 
6 4 10 3 7 5 15 1 
10 0 4 1 29 0 14 5 
13 4 31 3 24 7 21 5 
4 5 16 1 29 0 27 1 
4 3
2 4
1 5
8 0
8 2
3 2
0 5
1 2
7 5 22 0 6 7 0 2 
19 1 19 6 17 0 27 3 
21 0 24 5 18 5 0 6 
7 4 13 3 25 7 4 1 
25 1 23 6 9 4 31 3 
28 5 10 2 2 1 30 5 
29 3 24 3 14 6 29 2 
10 6 30 2 21 6 5 4 
18 5 25 3 9 7 0 4 
17 4 23 0 7 2 0 6 
17 3 31 3 20 7 13 6 
19 5 27 5 5 5 5 4 
6 4 10 3 7 5 15 1 
10 0 4 1 29 0 14 5 
13 4 31 3 24 7 21 5 
4 5 16 1 29 0 27 1 
4 3
2 4
1 5
8 0
8 2
3 2
0 5
1 2
7 5 22 0 6 7 0 2 
19 1 19 6 17 0 27 3 
21 0 24 5 18 5 0 6 
7 4 13 3 25 7 4 1 
25 1 23 6 9 4 31 3 
28 5 10 2 2 1 30 5 
29 3 24 3 14 6 29 2 
10 6 30 2 21 6 5 4 
18 5 25 3 9 7 0 4 
17 4 23 0 7 2 0 6 
17 3 31 3 20 7 13 6 
19 5 27 5 5 5 5 4 
6 4 10 3 7 5 15 1 
10 0 4 1 29 0 14 5 
13 4 31 3 24 7 21 5 
4 5 16 1 29 0 27 1 
4 3
2 4
1 5
8 0
8 2
3 2
0 5
1 2
7 5 22 0 6 7 0 2 
19 1 19 6 17 0 27 3 
21 0 24 5 18 5 0 6 
7 4 13 3 25 7 4 1 
25 1 23 6 9 4 31 3 
28 5 10 2 2 1 30 5 
29 3 24 3 14 6 29 2 
10 6 30 2 21 6 5 4 
18 5 25 3 9 7 0 4 
17 4 23 0 7 2 0 6 
17 3 31 3 20 7 13 6 
19 5 27 5 5 5 5 4 
6 4 10 3 7 5 15 1 
10 0 4 1 29 0 14 5 
13 4 31 3 24 7 21 5 
4 5 16 1 29 0 27 1 
4 3
2 4
1 5
8 0
8 2
3 2
0 5
1 2
