5
12 0 10 2 20 4 23 1 
6 2 16 2 18 6 26 4 
8 2 30 3 1 2 25 2 
14 2 13 0 28 3 0 3 
3 3 4 7 17 5 30 5 
28 1 18 6 29 0 0 6 
10 2 30 5 22 1 17 3 
9 1 12 3 26 1 4 7 
5 6 20 2 9 6 24 5 
18 2 5 1 2 6 1 0 
5 1 7 7 9 1 24 3 
11 7 26 6 3 7 15 6 
6 7 22 4 31 0 16 2 
29 1 22 4 19 1 20 1 
1 1 29 0 0 2 26 6 
23 0 30 2 6 1 4 2 
5 4
0 5
5 5
1 5
9 4
3 4
6 0
0 4
12 0 10 2 20 4 23 1 
6 2 16 2 18 6 26 4 
8 2 30 3 1 2 25 2 
14 2 13 0 28 3 0 3 
3 3 4 7 17 5 30 5 
28 1 18 6 29 0 0 6 
10 2 30 5 22 1 17 3 
9 1 12 3 26 1 4 7 
5 6 20 2 9 6 24 5 
18 2 5 1 2 6 1 0 
5 1 7 7 9 1 24 3 
11 7 26 6 3 7 15 6 
6 7 22 4 31 0 16 2 
29 1 22 4 19 1 20 1 
1 1 29 0 0 2 26 6 
23 0 30 2 6 1 4 2 
5 4
0 5
5 5
1 5
9 4
3 4
6 0
0 4
12 0 10 2 20 4 23 1 
6 2 16 2 18 6 26 4 
8 2 30 3 1 2 25 2 
14 2 13 0 28 3 0 3 
3 3 4 7 17 5 30 5 
28 1 18 6 29 0 0 6 
10 2 30 5 22 1 17 3 
9 1 12 3 26 1 4 7 
5 6 20 2 9 6 24 5 
18 2 5 1 2 6 1 0 
5 1 7 7 9 1 24 3 
11 7 26 6 3 7 15 6 
6 7 22 4 31 0 16 2 
29 1 22 4 19 1 20 1 
1 1 29 0 0 2 26 6 
23 0 30 2 6 1 4 2 
5 4
0 5
5 5
1 5
9 4
3 4
6 0
0 4
12 0 10 2 20 4 23 1 
6 2 16 2 18 6 26 4 
8 2 30 3 1 2 25 2 
14 2 13 0 28 3 0 3 
3 3 4 7 17 5 30 5 
28 1 18 6 29 0 0 6 
10 2 30 5 22 1 17 3 
9 1 12 3 26 1 4 7 
5 6 20 2 9 6 24 5 
18 2 5 1 2 6 1 0 
5 1 7 7 9 1 24 3 
11 7 26 6 3 7 15 6 
6 7 22 4 31 0 16 2 
29 1 22 4 19 1 20 1 
1 1 29 0 0 2 26 6 
23 0 30 2 6 1 4 2 
5 4
0 5
5 5
1 5
9 4
3 4
6 0
0 4
12 0 10 2 20 4 23 1 
6 2 16 2 18 6 26 4 
8 2 30 3 1 2 25 2 
14 2 13 0 28 3 0 3 
3 3 4 7 17 5 30 5 
28 1 18 6 29 0 0 6 
10 2 30 5 22 1 17 3 
9 1 12 3 26 1 4 7 
5 6 20 2 9 6 24 5 
18 2 5 1 2 6 1 0 
5 1 7 7 9 1 24 3 
11 7 26 6 3 7 15 6 
6 7 22 4 31 0 16 2 
29 1 22 4 19 1 20 1 
1 1 29 0 0 2 26 6 
23 0 30 2 6 1 4 2 
5 4
0 5
5 5
1 5
9 4
3 4
6 0
0 4
