5
23 1 4 5 25 3 28 0 
2 6 31 5 6 6 29 2 
13 7 18 1 7 3 31 0 
22 2 26 4 13 0 10 5 
12 5 4 4 24 5 16 1 
8 6 17 4 16 0 12 6 
22 7 3 4 5 7 15 4 
3 6 14 7 29 2 4 0 
1 0 3 7 10 4 5 5 
15 5 1 6 2 4 26 6 
30 3 18 6 20 7 6 1 
23 0 19 0 16 6 15 7 
18 6 7 3 18 7 29 5 
26 3 15 7 28 2 21 3 
19 3 22 6 28 1 5 5 
23 3 10 1 13 3 1 6 
5 0
6 1
3 3
6 0
8 0
5 1
5 0
0 1
3 0 20 4 17 3 2 2 
25 0 12 7 5 0 28 2 
17 0 19 2 19 1 23 1 
1 3 15 4 23 7 17 4 
0 3 19 4 7 0 9 2 
20 5 15 6 13 0 31 1 
16 7 26 4 0 1 17 0 
16 5 13 1 12 4 9 1 
13 3 22 6 7 4 15 2 
18 4 6 3 0 4 4 1 
11 7 0 3 31 3 31 7 
17 0 20 2 20 4 28 5 
27 7 9 7 15 7 16 3 
7 1 9 1 19 4 25 5 
10 4 29 6 18 1 17 4 
28 4 8 1 11 6 8 1 
6 5
8 0
2 4
5 5
1 2
9 4
2 0
5 5
10 2 21 2 4 7 0 7 
22 7 31 3 20 1 17 5 
23 3 18 5 14 6 27 4 
6 0 21 4 24 1 14 7 
14 0 14 5 11 0 1 5 
24 7 30 0 28 1 23 5 
11 2 14 4 18 1 26 3 
13 0 14 2 2 4 12 6 
30 5 29 6 13 7 1 2 
14 7 21 1 24 0 22 2 
16 6 10 3 4 5 4 6 
11 5 7 3 30 7 18 4 
1 4 9 0 21 5 27 2 
13 7 11 3 0 5 20 2 
22 4 20 7 11 5 19 2 
28 2 7 6 12 0 23 3 
5 1
4 5
3 2
4 4
8 3
1 0
1 3
3 0
1 5 17 4 30 2 19 1 
9 2 15 4 8 6 3 3 
28 5 28 0 27 0 13 1 
3 1 14 6 22 7 13 0 
20 5 12 6 12 7 8 0 
3 7 1 4 30 2 8 5 
31 2 14 4 4 5 7 0 
15 7 0 2 26 7 15 2 
17 5 14 2 19 2 5 0 
26 6 19 0 24 0 12 0 
12 7 11 4 22 7 12 3 
22 2 13 1 24 5 6 3 
18 6 31 4 0 2 18 7 
13 5 8 0 9 5 0 1 
20 7 13 6 11 1 10 4 
4 0 3 7 10 5 21 5 
7 2
6 0
3 1
1 1
5 4
8 4
5 2
8 5
13 2 15 7 14 0 16 7 
28 2 4 7 8 6 23 1 
1 3 3 6 5 0 11 6 
22 5 24 4 13 5 1 0 
30 2 31 6 10 5 2 5 
1 6 27 6 30 1 9 7 
4 4 5 3 1 0 31 2 
16 7 3 7 31 3 24 5 
23 1 11 7 24 5 2 4 
3 7 29 7 0 5 1 7 
25 3 3 7 19 6 7 0 
25 5 12 4 30 2 10 4 
24 4 27 0 20 5 19 6 
6 7 24 4 17 6 24 1 
13 3 18 4 0 1 15 5 
7 1 31 4 18 4 18 4 
9 4
9 5
8 3
7 5
6 2
3 0
7 0
3 5
