5
13 3 9 1 5 6 0 7 
23 0 7 1 30 4 6 3 
11 1 14 5 5 7 27 5 
8 5 21 0 9 3 7 2 
4 5 18 0 27 5 9 7 
13 1 18 3 2 5 4 7 
25 4 31 6 30 6 10 6 
16 6 11 1 5 1 10 0 
22 3 8 6 2 2 19 2 
16 2 28 2 20 4 26 1 
23 7 17 5 0 1 28 6 
0 5 1 2 14 0 8 5 
20 1 21 2 1 4 13 0 
3 0 10 3 29 2 3 6 
21 3 29 0 2 6 20 1 
12 5 14 1 19 6 31 6 
7 2
1 0
4 5
4 2
5 1
1 5
0 5
4 0
13 3 9 1 5 6 0 7 
23 0 7 1 30 4 6 3 
11 1 14 5 5 7 27 5 
8 5 21 0 9 3 7 2 
4 5 18 0 27 5 9 7 
13 1 18 3 2 5 4 7 
25 4 31 6 30 6 10 6 
16 6 11 1 5 1 10 0 
22 3 8 6 2 2 19 2 
16 2 28 2 20 4 26 1 
23 7 17 5 0 1 28 6 
0 5 1 2 14 0 8 5 
20 1 21 2 1 4 13 0 
3 0 10 3 29 2 3 6 
21 3 29 0 2 6 20 1 
12 5 14 1 19 6 31 6 
7 2
1 0
4 5
4 2
5 1
1 5
0 5
4 0
13 3 9 1 5 6 0 7 
23 0 7 1 30 4 6 3 
11 1 14 5 5 7 27 5 
8 5 21 0 9 3 7 2 
4 5 18 0 27 5 9 7 
13 1 18 3 2 5 4 7 
25 4 31 6 30 6 10 6 
16 6 11 1 5 1 10 0 
22 3 8 6 2 2 19 2 
16 2 28 2 20 4 26 1 
23 7 17 5 0 1 28 6 
0 5 1 2 14 0 8 5 
20 1 21 2 1 4 13 0 
3 0 10 3 29 2 3 6 
21 3 29 0 2 6 20 1 
12 5 14 1 19 6 31 6 
7 2
1 0
4 5
4 2
5 1
1 5
0 5
4 0
13 3 9 1 5 6 0 7 
23 0 7 1 30 4 6 3 
11 1 14 5 5 7 27 5 
8 5 21 0 9 3 7 2 
4 5 18 0 27 5 9 7 
13 1 18 3 2 5 4 7 
25 4 31 6 30 6 10 6 
16 6 11 1 5 1 10 0 
22 3 8 6 2 2 19 2 
16 2 28 2 20 4 26 1 
23 7 17 5 0 1 28 6 
0 5 1 2 14 0 8 5 
20 1 21 2 1 4 13 0 
3 0 10 3 29 2 3 6 
21 3 29 0 2 6 20 1 
12 5 14 1 19 6 31 6 
7 2
1 0
4 5
4 2
5 1
1 5
0 5
4 0
13 3 9 1 5 6 0 7 
23 0 7 1 30 4 6 3 
11 1 14 5 5 7 27 5 
8 5 21 0 9 3 7 2 
4 5 18 0 27 5 9 7 
13 1 18 3 2 5 4 7 
25 4 31 6 30 6 10 6 
16 6 11 1 5 1 10 0 
22 3 8 6 2 2 19 2 
16 2 28 2 20 4 26 1 
23 7 17 5 0 1 28 6 
0 5 1 2 14 0 8 5 
20 1 21 2 1 4 13 0 
3 0 10 3 29 2 3 6 
21 3 29 0 2 6 20 1 
12 5 14 1 19 6 31 6 
7 2
1 0
4 5
4 2
5 1
1 5
0 5
4 0
