5
14 4 12 7 31 4 18 3 
29 0 15 5 2 6 22 4 
6 2 9 7 7 6 20 5 
3 6 29 4 20 6 10 7 
8 7 29 6 27 0 8 2 
2 5 7 3 30 2 4 5 
4 1 23 5 17 4 16 4 
13 6 2 1 17 4 23 3 
23 5 9 4 30 1 20 0 
17 5 6 3 30 4 18 6 
11 1 15 2 17 4 0 1 
19 4 1 5 9 4 17 3 
9 1 21 3 25 7 29 5 
1 2 9 3 23 2 11 2 
20 1 20 3 30 1 11 5 
7 3 25 4 23 0 10 0 
10 5
5 2
9 0
0 5
1 5
0 3
4 2
6 3
14 4 12 7 31 4 18 3 
29 0 15 5 2 6 22 4 
6 2 9 7 7 6 20 5 
3 6 29 4 20 6 10 7 
8 7 29 6 27 0 8 2 
2 5 7 3 30 2 4 5 
4 1 23 5 17 4 16 4 
13 6 2 1 17 4 23 3 
23 5 9 4 30 1 20 0 
17 5 6 3 30 4 18 6 
11 1 15 2 17 4 0 1 
19 4 1 5 9 4 17 3 
9 1 21 3 25 7 29 5 
1 2 9 3 23 2 11 2 
20 1 20 3 30 1 11 5 
7 3 25 4 23 0 10 0 
10 5
5 2
9 0
0 5
1 5
0 3
4 2
6 3
14 4 12 7 31 4 18 3 
29 0 15 5 2 6 22 4 
6 2 9 7 7 6 20 5 
3 6 29 4 20 6 10 7 
8 7 29 6 27 0 8 2 
2 5 7 3 30 2 4 5 
4 1 23 5 17 4 16 4 
13 6 2 1 17 4 23 3 
23 5 9 4 30 1 20 0 
17 5 6 3 30 4 18 6 
11 1 15 2 17 4 0 1 
19 4 1 5 9 4 17 3 
9 1 21 3 25 7 29 5 
1 2 9 3 23 2 11 2 
20 1 20 3 30 1 11 5 
7 3 25 4 23 0 10 0 
10 5
5 2
9 0
0 5
1 5
0 3
4 2
6 3
14 4 12 7 31 4 18 3 
29 0 15 5 2 6 22 4 
6 2 9 7 7 6 20 5 
3 6 29 4 20 6 10 7 
8 7 29 6 27 0 8 2 
2 5 7 3 30 2 4 5 
4 1 23 5 17 4 16 4 
13 6 2 1 17 4 23 3 
23 5 9 4 30 1 20 0 
17 5 6 3 30 4 18 6 
11 1 15 2 17 4 0 1 
19 4 1 5 9 4 17 3 
9 1 21 3 25 7 29 5 
1 2 9 3 23 2 11 2 
20 1 20 3 30 1 11 5 
7 3 25 4 23 0 10 0 
10 5
5 2
9 0
0 5
1 5
0 3
4 2
6 3
14 4 12 7 31 4 18 3 
29 0 15 5 2 6 22 4 
6 2 9 7 7 6 20 5 
3 6 29 4 20 6 10 7 
8 7 29 6 27 0 8 2 
2 5 7 3 30 2 4 5 
4 1 23 5 17 4 16 4 
13 6 2 1 17 4 23 3 
23 5 9 4 30 1 20 0 
17 5 6 3 30 4 18 6 
11 1 15 2 17 4 0 1 
19 4 1 5 9 4 17 3 
9 1 21 3 25 7 29 5 
1 2 9 3 23 2 11 2 
20 1 20 3 30 1 11 5 
7 3 25 4 23 0 10 0 
10 5
5 2
9 0
0 5
1 5
0 3
4 2
6 3
